259
0.202597 0.000618572 0.0042444 9.54828e-06 -1.34837e-09 -1.6301e-07 -1 -1 1 1
0.201709 0.000483399 0.00429673 9.21128e-06 -1.18239e-09 -1.82095e-07 -1 -1 1 1
0.194678 6.72865e-05 0.00197329 1.49025e-06 -7.99437e-11 -1.15729e-08 -1 -1 1 1
0.195896 1.44992e-05 0.00196822 1.03073e-06 -3.92379e-11 -3.83616e-09 -1 -1 1 1
0.196489 2.84876e-05 0.00195088 1.84792e-06 -1.06172e-10 -9.84889e-09 -1 -1 1 1
0.190333 4.96366e-05 0.0018836 6.01241e-07 -7.21381e-12 -1.4867e-09 -1 -1 1 1
0.191047 0.000106249 0.00192622 2.26603e-06 -7.43505e-11 -2.25335e-08 -1 -1 1 1
0.204116 0.000852283 0.00426308 9.56392e-06 -1.76281e-09 -2.74059e-07 -1 -1 1 1
0.203808 0.000774791 0.00427308 1.22837e-05 -2.45838e-09 -3.1781e-07 -1 -1 1 1
0.196623 4.09144e-05 0.00195112 1.40754e-06 -6.87795e-11 -8.70517e-09 -1 -1 1 1
0.197748 0.000413918 0.0037586 5.9565e-06 -1.86262e-10 -8.31025e-08 -1 -1 1 1
0.190984 0.000187515 0.00192057 6.21945e-06 6.48215e-10 7.57516e-08 -1 -1 1 1
0.194718 1.31763e-05 0.0018521 1.17308e-06 -5.41606e-11 -4.25734e-09 -1 -1 1 1
0.195716 2.74484e-05 0.00199924 1.19918e-06 -5.62761e-11 -6.06066e-09 -1 -1 1 1
0.195338 0.000155073 0.00202579 7.3381e-06 -8.93685e-10 -9.04158e-08 -1 -1 1 1
0.197484 9.03926e-06 0.00195522 1.77034e-06 -1.02531e-10 -5.15705e-09 -1 -1 1 1
0.196848 4.21735e-05 0.00210804 1.51775e-06 -8.28762e-11 -9.61059e-09 -1 -1 1 1
0.200805 0.000753709 0.00391112 1.35021e-05 -3.0608e-09 -3.55566e-07 -1 -1 1 1
0.200187 0.0006209 0.00405219 6.84949e-06 -5.64146e-10 -1.10587e-07 -1 -1 1 1
0.208101 0.000496008 0.00503015 1.16213e-05 -4.44895e-10 -1.23263e-07 -1 -1 1 1
0.195433 3.13662e-05 0.00202381 1.43934e-06 -4.39266e-11 -5.25771e-09 -1 -1 1 1
0.196546 1.62716e-05 0.00202303 9.84103e-07 -4.31087e-11 -3.70001e-09 -1 -1 1 1
0.197875 1.55087e-05 0.00203963 1.4851e-06 -8.05824e-11 -5.8025e-09 -1 -1 1 1
0.202559 0.000339586 0.00414684 6.80278e-06 -1.1895e-10 -4.86624e-08 -1 -1 1 1
0.20119 0.00056279 0.00387361 4.75287e-06 -5.30038e-10 -8.77199e-08 -1 -1 1 1
0.197844 0.000752695 0.00379017 1.16197e-05 -2.29138e-09 -3.06084e-07 -1 -1 1 1
0.201562 0.000966829 0.00398274 1.72558e-05 -2.51141e-09 -3.31918e-07 -1 -1 1 1
0.194585 1.20414e-05 0.00180606 1.3633e-06 -4.98671e-11 -3.29819e-09 -1 -1 1 1
0.198079 1.88514e-05 0.00200417 1.55651e-06 -8.64294e-11 -6.7075e-09 -1 -1 1 1
0.195214 0.000100995 0.00193461 3.08376e-06 -1.8213e-10 -2.46195e-08 -1 -1 1 1
0.200621 3.0317e-05 0.00249772 2.55655e-06 -1.50448e-10 -8.14356e-09 -1 -1 1 1
0.201503 0.00059775 0.00400728 7.47981e-06 -1.2928e-09 -1.82852e-07 -1 -1 1 1
0.194442 9.7344e-05 0.00213705 5.61916e-07 -1.57004e-12 -3.00579e-09 -1 -1 1 1
0.196014 3.1428e-05 0.00214545 1.6305e-06 -4.42166e-11 -1.59164e-09 -1 -1 1 1
0.197247 5.08763e-05 0.00246886 1.11184e-06 -5.00038e-11 -7.48395e-09 -1 -1 1 1
0.194358 0.000120725 0.00196963 1.18661e-06 -5.7351e-11 -1.30358e-08 -1 -1 1 1
0.198494 5.47568e-05 0.0022952 1.92607e-06 -1.07004e-10 -1.25864e-08 -1 -1 1 1
0.196627 6.16311e-05 0.00218445 1.28157e-06 -3.66876e-11 -6.97856e-09 -1 -1 1 1
0.194861 6.68861e-05 0.00213327 1.51179e-06 -7.48998e-11 -1.12131e-08 -1 -1 1 1
0.197364 5.75589e-05 0.00199669 1.79369e-06 -1.06713e-10 -1.32988e-08 -1 -1 1 1
0.196309 3.77707e-05 0.00217026 2.73083e-07 -3.55035e-12 -1.16392e-09 -1 -1 1 1
0.196433 5.90838e-05 0.00215664 1.80113e-06 -9.72196e-11 -1.21304e-08 -1 -1 1 1
0.198797 4.10175e-05 0.00215812 2.2965e-06 -7.44678e-11 -4.62189e-09 -1 -1 1 1
0.19648 6.43434e-05 0.00204894 2.99914e-06 -2.24356e-10 -2.2488e-08 -1 -1 1 1
0.192798 7.83365e-05 0.00212376 1.88813e-06 -5.89851e-11 -8.82676e-09 -1 -1 1 1
0.197339 6.05522e-05 0.00206854 1.86546e-06 -1.15794e-10 -1.45158e-08 -1 -1 1 1
0.1936 8.53619e-05 0.00213898 1.35338e-06 -1.36298e-11 -1.12171e-09 -1 -1 1 1
0.195856 6.9637e-05 0.00202841 1.9153e-06 -1.18425e-10 -1.58468e-08 -1 -1 1 1
0.195286 3.15423e-05 0.0020924 5.18431e-07 -1.62211e-11 -2.69808e-09 -1 -1 1 1
0.204727 0.000538327 0.00435919 9.21333e-06 -1.81339e-09 -2.08256e-07 -1 -1 1 1
0.197748 3.4038e-05 0.00224088 2.3766e-06 -1.71704e-10 -1.38395e-08 -1 -1 1 1
0.193581 5.01701e-05 0.00201463 4.2365e-07 -1.23426e-11 -2.99156e-09 -1 -1 1 1
0.19741 7.79038e-05 0.00225762 2.2987e-06 -1.49186e-10 -1.82858e-08 -1 -1 1 1
0.197414 0.000124158 0.00237365 2.618e-06 -1.87991e-10 -2.82113e-08 -1 -1 1 1
0.1971 0.000307047 0.00379614 8.12274e-06 -8.38778e-10 -1.03993e-07 -1 -1 1 1
0.195431 1.52414e-05 0.00208118 1.50683e-06 -6.96918e-11 -2.2286e-09 -1 -1 1 1
0.196856 0.000124168 0.00235439 4.5092e-06 -1.08967e-11 -1.95726e-08 -1 -1 1 1
0.197099 2.40027e-05 0.00215586 1.4814e-06 -7.99939e-11 -6.32533e-09 -1 -1 1 1
0.196455 3.45049e-05 0.00201977 1.80413e-06 -1.04314e-10 -1.03573e-08 -1 -1 1 1
0.197948 4.33424e-05 0.00234679 2.00903e-06 -1.3546e-10 -1.31927e-08 -1 -1 1 1
0.198671 3.32304e-05 0.0021889 1.79833e-06 -1.0534e-10 -9.76407e-09 -1 -1 1 1
0.19538 4.97939e-05 0.00196949 2.17972e-06 -1.36179e-10 -1.43883e-08 -1 -1 1 1
0.199554 0.000566236 0.00396869 1.0332e-05 -1.11016e-09 -1.51301e-07 -1 -1 1 1
0.196361 4.51494e-05 0.00199167 1.74424e-06 -9.62677e-11 -1.12894e-08 -1 -1 1 1
0.198623 5.15888e-05 0.00221215 1.99061e-06 -1.30256e-10 -1.33444e-08 -1 -1 1 1
0.192623 0.000125488 0.00215119 6.16779e-07 -2.22772e-11 -6.90673e-09 -1 -1 1 1
0.194922 1.56476e-05 0.00193008 8.80088e-07 -3.35369e-11 -3.12373e-09 -1 -1 1 1
0.201896 0.000481297 0.00404305 1.19332e-05 -2.38644e-09 -2.58797e-07 -1 -1 1 1
0.196327 1.96353e-05 0.00212069 1.51282e-06 -7.12676e-11 -5.71528e-09 -1 -1 1 1
0.199711 8.42614e-05 0.00222889 5.37157e-06 -5.22924e-10 -4.15832e-08 -1 -1 1 1
0.199218 0.000642605 0.0037965 7.46289e-06 -9.44776e-10 -1.5307e-07 -1 -1 1 1
0.19585 5.40956e-05 0.00212302 2.0981e-06 -1.10348e-10 -1.35742e-08 -1 -1 1 1
0.20538 0.000325639 0.00467559 3.54761e-06 -4.30409e-10 -5.66759e-08 -1 -1 1 1
0.200834 9.717e-05 0.00270299 1.69856e-06 -7.74163e-11 -1.34873e-08 -1 -1 1 1
0.204776 0.000334251 0.00442801 4.97704e-06 -6.27081e-10 -8.08881e-08 -1 -1 1 1
0.19324 6.60183e-05 0.00198002 3.35414e-06 -2.30698e-10 -2.48588e-08 -1 -1 1 1
0.203762 0.000673183 0.00433696 7.68825e-06 -1.141e-09 -1.80053e-07 -1 -1 1 1
0.194866 6.40391e-05 0.00203655 2.31664e-06 -1.48911e-10 -1.8526e-08 -1 -1 1 1
0.196211 0.000107317 0.00232381 3.11138e-06 -2.04134e-10 -2.8e-08 -1 -1 1 1
0.196761 5.29664e-05 0.00203527 1.8492e-06 -1.13441e-10 -1.34473e-08 -1 -1 1 1
0.193467 4.53949e-05 0.00201852 1.03013e-06 -3.03276e-11 -5.32491e-09 -1 -1 1 1
0.194595 8.03483e-05 0.00214298 1.60645e-06 -4.52904e-11 -8.76433e-09 -1 -1 1 1
0.204354 0.000470809 0.004295 7.84724e-06 -1.38963e-09 -1.67572e-07 -1 -1 1 1
0.195066 0.0001356 0.00223655 1.55334e-06 -7.42128e-11 -1.58363e-08 -1 -1 1 1
0.194843 5.10379e-05 0.00208203 7.71746e-07 -3.0353e-11 -5.51076e-09 -1 -1 1 1
0.198374 7.75148e-05 0.00222704 2.46522e-06 -1.74061e-10 -2.16095e-08 -1 -1 1 1
0.19693 0.000497494 0.00374271 9.0482e-06 -1.06e-09 -1.49805e-07 -1 -1 1 1
0.197023 5.48913e-05 0.00230722 1.84741e-06 -1.20568e-10 -1.36227e-08 -1 -1 1 1
0.200598 0.00069588 0.00402214 1.30247e-05 -2.73772e-09 -3.12076e-07 -1 -1 1 1
0.177965 0.000288079 0.0018512 1.53982e-06 8.05374e-12 9.68759e-09 1 -1 1 1
0.179571 0.000395345 0.00194104 3.80999e-06 -3.24812e-10 -7.34408e-08 1 -1 1 1
0.176513 0.000369309 0.0016636 6.34185e-06 6.44022e-10 1.20774e-07 1 -1 1 1
0.176662 0.000416104 0.00165097 6.18787e-06 6.22043e-10 1.25584e-07 1 -1 1 1
0.175551 0.000301826 0.00159927 4.02856e-06 2.6492e-10 6.44629e-08 1 -1 1 1
0.176072 0.000323097 0.00157296 2.70671e-06 1.40286e-10 4.09858e-08 1 -1 1 1
0.178377 7.54492e-05 0.00185963 4.39551e-07 1.19651e-11 -1.23646e-09 1 -1 1 1
0.176659 0.000156289 0.00162212 3.43573e-07 -8.02615e-12 -2.62917e-09 1 -1 1 1
0.175518 0.000327105 0.0016014 3.85143e-06 2.60216e-10 6.08944e-08 1 -1 1 1
0.176416 0.000472349 0.00160966 6.66126e-06 6.89647e-10 1.44753e-07 1 -1 1 1
0.175914 0.000297088 0.00163091 4.74726e-06 4.17378e-10 8.18116e-08 1 -1 1 1
0.176473 0.000344336 0.00164907 5.14157e-06 4.63292e-10 9.32391e-08 1 -1 1 1
0.176417 0.000435547 0.00162594 6.42642e-06 6.54619e-10 1.33377e-07 1 -1 1 1
0.176534 0.000401872 0.00163348 5.52644e-06 5.16765e-10 1.09169e-07 1 -1 1 1
0.177057 0.000234998 0.001673 6.93541e-07 -1.43619e-11 -1.12671e-09 1 -1 1 1
0.177058 0.000483992 0.00168603 7.14678e-06 7.54423e-10 1.5136e-07 1 -1 1 1
0.176419 0.000389144 0.00163759 6.28907e-06 6.37834e-10 1.23981e-07 1 -1 1 1
0.176117 0.000343976 0.00161171 5.04377e-06 4.54092e-10 9.33836e-08 1 -1 1 1
0.176534 0.000343607 0.0016728 5.13985e-06 4.76048e-10 9.52179e-08 1 -1 1 1
0.176041 0.000342306 0.00162454 6.02735e-06 5.96422e-10 1.11491e-07 1 -1 1 1
0.176232 0.000339508 0.00164971 4.79786e-06 3.76827e-10 7.59353e-08 1 -1 1 1
0.176727 0.000288111 0.00165857 1.93452e-06 1.07525e-10 3.228e-08 1 -1 1 1
0.176272 0.000329728 0.00164335 3.6314e-06 2.7966e-10 6.57273e-08 1 -1 1 1
0.177933 0.000329819 0.00181613 1.8735e-06 8.24571e-11 2.97364e-08 1 -1 1 1
0.177018 0.000373252 0.0017222 3.21892e-06 8.84647e-11 3.46289e-08 1 -1 1 1
0.176464 0.000217922 0.00169038 2.24433e-06 1.10712e-10 2.58662e-08 1 -1 1 1
0.176601 0.000346045 0.00165175 4.07501e-06 2.9876e-10 6.98192e-08 1 -1 1 1
0.176641 0.000379323 0.00166933 4.7391e-06 4.14154e-10 9.11799e-08 1 -1 1 1
0.176825 0.000319484 0.00169923 3.51483e-06 2.62963e-10 6.11373e-08 1 -1 1 1
0.177522 0.000488154 0.00167784 4.78971e-06 4.28354e-10 1.05696e-07 1 -1 1 1
0.179113 0.000252823 0.00192971 3.23325e-06 2.3903e-10 4.78703e-08 1 -1 1 1
0.176295 0.000353194 0.00162455 4.81481e-06 4.13516e-10 8.91978e-08 1 -1 1 1
0.178057 0.000426967 0.00181902 3.98085e-06 3.03694e-10 7.74175e-08 1 -1 1 1
0.176694 0.000350841 0.00168411 4.30433e-06 3.39782e-10 7.61504e-08 1 -1 1 1
0.177049 0.000290061 0.00176009 3.35971e-06 2.47599e-10 5.59712e-08 1 -1 1 1
0.177637 0.000422348 0.00174758 5.17745e-06 4.27642e-10 9.35047e-08 1 -1 1 1
0.176741 0.000244478 0.00169829 1.9e-06 1.07443e-10 2.96642e-08 1 -1 1 1
0.1763 0.000261 0.0016424 2.92145e-06 1.67163e-10 4.04025e-08 1 -1 1 1
0.177423 0.000324451 0.00172934 2.89674e-06 2.04262e-10 5.20087e-08 1 -1 1 1
0.176475 0.000188546 0.00166897 1.74233e-06 -2.419e-11 -3.11225e-09 1 -1 1 1
0.178428 0.000291805 0.0018757 3.35797e-06 -2.556e-10 -5.59495e-08 1 -1 1 1
0.176503 0.000201488 0.00162865 1.4323e-06 6.93448e-12 6.41664e-09 1 -1 1 1
0.176656 0.000293363 0.00168133 3.72308e-06 2.93985e-10 6.36663e-08 1 -1 1 1
0.178303 0.000361989 0.00185536 2.22638e-06 -1.03271e-10 -1.4076e-08 1 -1 1 1
0.176085 0.000275106 0.00161594 3.16937e-06 2.25975e-10 5.21845e-08 1 -1 1 1
0.177549 0.000392972 0.00176538 5.39247e-06 4.08975e-10 8.42618e-08 1 -1 1 1
0.177259 0.000462091 0.00169835 6.04212e-06 4.98988e-10 1.07396e-07 1 -1 1 1
0.176891 0.000234295 0.00176657 3.00471e-06 2.16885e-10 4.51396e-08 1 -1 1 1
0.177285 0.000406943 0.00173014 5.31048e-06 5.04975e-10 1.06529e-07 1 -1 1 1
0.178084 0.000315381 0.0018164 2.98931e-06 1.98267e-10 4.81158e-08 1 -1 1 1
0.177422 0.000368059 0.00173254 3.53246e-06 2.10615e-10 5.54521e-08 1 -1 1 1
0.17649 0.000259759 0.00167539 3.21257e-06 2.17782e-10 4.98012e-08 1 -1 1 1
0.176463 0.000274862 0.00168967 3.80799e-06 3.02342e-10 6.29907e-08 1 -1 1 1
0.176907 0.000342472 0.00167946 4.28873e-06 3.61848e-10 7.85654e-08 1 -1 1 1
0.176346 0.000297736 0.00165801 3.99644e-06 3.24932e-10 6.8841e-08 1 -1 1 1
0.177401 0.000224898 0.00176001 2.32707e-06 1.40221e-10 3.33987e-08 1 -1 1 1
0.176436 0.000317559 0.00163333 3.45749e-06 2.55323e-10 6.10005e-08 1 -1 1 1
0.177531 0.000216062 0.00176817 1.37666e-06 6.21308e-11 1.93425e-08 1 -1 1 1
0.176757 0.000307824 0.00167346 3.52966e-06 2.68262e-10 6.17025e-08 1 -1 1 1
0.177001 0.000287963 0.00169947 2.84493e-06 1.84667e-10 4.60095e-08 1 -1 1 1
0.177191 0.000317416 0.00171545 3.79414e-06 3.03703e-10 6.71114e-08 1 -1 1 1
0.176905 0.000318565 0.0016854 3.97334e-06 3.24558e-10 7.09119e-08 1 -1 1 1
0.177679 0.000342887 0.00176347 2.76918e-06 3.49269e-11 1.93602e-08 1 -1 1 1
0.177061 0.000214898 0.00171378 1.29341e-06 6.07606e-11 1.89542e-08 1 -1 1 1
0.177357 0.000293097 0.00172851 1.81452e-06 9.35997e-11 2.88365e-08 1 -1 1 1
0.176506 0.000299641 0.00165635 3.2453e-06 2.33243e-10 5.46895e-08 1 -1 1 1
0.177012 0.00041166 0.00166544 4.53486e-06 3.41978e-10 8.19326e-08 1 -1 1 1
0.176708 0.000135448 0.00175627 1.2645e-06 4.37826e-11 1.0207e-08 1 -1 1 1
0.177121 0.000302942 0.00170953 3.15122e-06 2.08273e-10 5.07644e-08 1 -1 1 1
0.176849 0.000299841 0.00165359 2.50199e-06 1.60746e-10 4.33188e-08 1 -1 1 1
0.17665 0.000341624 0.00167474 3.11231e-06 2.12037e-10 5.52435e-08 1 -1 1 1
0.177064 0.000304359 0.00173296 4.41591e-06 3.84491e-10 7.64915e-08 1 -1 1 1
0.176315 0.000370505 0.00164567 5.38068e-06 4.275e-10 8.55215e-08 1 -1 1 1
0.178905 0.000339631 0.00182517 1.92662e-06 -6.65157e-12 8.26682e-09 1 -1 1 1
0.176843 0.000317298 0.00169448 3.75331e-06 2.86266e-10 6.3598e-08 1 -1 1 1
0.177706 0.000302981 0.00180698 3.3428e-06 1.36239e-10 3.58354e-08 1 -1 1 1
0.177786 0.000282395 0.00179159 3.62037e-06 2.46946e-10 5.31123e-08 1 -1 1 1
0.176606 0.000337655 0.00166767 4.52617e-06 3.32448e-10 7.21145e-08 1 -1 1 1
0.177225 0.000308039 0.00170646 2.68082e-06 1.76209e-10 4.67505e-08 1 -1 1 1
0.177287 0.00023338 0.00177511 2.10466e-06 7.59229e-11 2.43467e-08 1 -1 1 1
0.180568 0.00334068 7.89716e-08 1.4984e-08 4.50439e-16 8.6533e-10 -1 1 1 1
0.180038 0.00303214 4.39297e-07 7.64147e-10 -9.14558e-18 -8.37656e-12 -1 1 1 1
0.180807 0.00331173 9.32388e-07 6.81682e-09 -5.41316e-16 2.09956e-10 -1 1 1 1
0.179332 0.00289162 2.65876e-07 2.56948e-08 1.50856e-15 1.3129e-09 -1 1 1 1
0.172741 0.00111453 1.06254e-06 3.2644e-08 4.47834e-15 1.08254e-09 -1 1 1 1
0.180475 0.00332652 6.29567e-07 1.24251e-08 6.27802e-16 6.98526e-10 -1 1 1 1
0.180595 0.00328178 3.13208e-07 8.68857e-09 4.52643e-16 4.23999e-10 -1 1 1 1
0.178013 0.00297998 8.14984e-07 1.87131e-07 -4.83672e-14 4.0966e-09 -1 1 1 1
0.176358 0.00258995 7.29856e-06 6.15006e-07 -1.73852e-13 2.12622e-08 -1 1 1 1
0.175263 0.00255081 1.62505e-06 1.20049e-07 2.47541e-14 5.90366e-09 -1 1 1 1
0.18034 0.00336098 7.33559e-07 5.44895e-08 1.08768e-14 2.75321e-09 -1 1 1 1
0.1755 0.00255002 1.05751e-06 1.00044e-08 1.02703e-15 -5.00185e-10 -1 1 1 1
0.178105 0.00282732 5.30162e-07 9.32114e-08 4.45486e-15 -4.63673e-09 -1 1 1 1
0.178105 0.00277502 2.97349e-07 9.65063e-08 -1.56263e-14 4.84641e-09 -1 1 1 1
0.18033 0.00328544 1.70587e-06 1.79186e-08 -3.44795e-16 1.00286e-09 -1 1 1 1
0.179905 0.00311026 3.1664e-07 4.30981e-08 3.05695e-15 2.31968e-09 -1 1 1 1
0.17816 0.00292236 3.77477e-06 2.07133e-07 -1.42644e-13 7.67105e-09 -1 1 1 1
0.177206 0.00244539 3.3787e-06 2.14706e-07 -1.32731e-13 8.07206e-09 -1 1 1 1
0.176279 0.00229842 1.80419e-06 7.15648e-09 2.16695e-18 2.84513e-10 -1 1 1 1
0.174975 0.00193653 9.82036e-07 1.58686e-07 3.24185e-14 6.28519e-09 -1 1 1 1
0.18054 0.00317391 3.99729e-07 4.67555e-10 1.63494e-18 -1.72494e-12 -1 1 1 1
0.180296 0.00328643 1.07076e-07 5.64599e-09 -3.46638e-17 -2.13386e-10 -1 1 1 1
0.174776 0.00229201 2.10174e-06 3.14315e-09 -1.67306e-16 1.4942e-10 -1 1 1 1
0.180045 0.00317 5.02332e-08 2.26013e-09 4.96496e-18 -5.76234e-11 -1 1 1 1
0.180554 0.00329669 4.68906e-07 6.35742e-09 -3.04573e-16 2.18792e-10 -1 1 1 1
0.179988 0.00309581 4.70062e-07 6.05764e-08 7.55918e-15 3.36335e-09 -1 1 1 1
0.177455 0.0026238 1.7732e-06 5.24641e-08 1.53477e-14 2.1504e-09 -1 1 1 1
0.179217 0.00295277 4.1323e-07 8.37244e-09 2.754e-16 4.54308e-10 -1 1 1 1
0.180594 0.00342944 5.1904e-07 1.58503e-07 4.52786e-14 8.9869e-09 -1 1 1 1
0.179914 0.00313399 4.84243e-07 1.80665e-07 5.18336e-14 9.83478e-09 -1 1 1 1
0.181353 0.00360032 4.77258e-06 7.98451e-07 1.49349e-12 4.79065e-08 -1 1 1 1
0.179026 0.00290263 5.29017e-06 9.3102e-09 5.15653e-16 -1.40679e-10 -1 1 1 1
0.179385 0.00263581 1.82306e-06 2.3713e-07 1.38215e-13 1.20577e-08 -1 1 1 1
0.179401 0.00291067 1.89042e-07 3.7146e-08 3.07138e-15 1.75281e-09 -1 1 1 1
0.177158 0.0025778 2.52194e-06 4.42004e-07 4.25631e-13 2.03581e-08 -1 1 1 1
0.17924 0.00318606 6.1977e-07 1.01178e-07 2.00129e-14 5.12692e-09 -1 1 1 1
0.178466 0.00281752 1.50381e-07 3.05013e-09 1.11716e-17 1.77395e-11 -1 1 1 1
0.176219 6.56308e-06 0.00106326 1.19141e-06 -3.82141e-11 -1.54945e-09 1 -1 1 1
0.174457 4.23975e-06 0.000925432 1.21626e-07 -5.94194e-13 -1.21626e-10 1 -1 1 1
0.175523 8.48072e-06 0.00100847 5.60282e-07 -1.28515e-11 -1.52606e-09 1 -1 1 1
0.17644 2.29863e-06 0.00108602 1.48019e-06 -5.17397e-11 -9.05954e-10 1 -1 1 1
0.174869 1.55106e-05 0.000961035 5.8324e-07 -6.56193e-12 -2.43052e-10 1 -1 1 1
0.175719 0.000156705 0.00158828 1.17089e-06 -4.61199e-11 -1.26037e-08 1 -1 1 1
0.173559 2.53364e-06 0.000982794 4.38592e-08 -2.65069e-13 -6.58077e-11 1 -1 1 1
0.175438 1.08221e-05 0.000904693 4.72676e-07 -3.55434e-12 8.96093e-10 1 -1 1 1
0.174865 9.5945e-07 0.000891424 2.37144e-07 -2.66421e-12 2.14882e-10 1 -1 1 1
0.172823 1.50029e-06 0.000942776 9.95304e-08 3.36878e-13 -7.28579e-11 1 -1 1 1
0.172783 1.22188e-05 0.000963306 3.62345e-07 -5.32471e-12 -1.26087e-09 1 -1 1 1
0.174123 1.1353e-05 0.000932603 9.2625e-08 -2.55457e-13 8.88827e-11 1 -1 1 1
0.177219 0.000191899 0.00166406 3.05152e-06 -1.1674e-10 -2.36271e-08 1 -1 1 1
0.173863 4.87978e-06 0.000922984 6.31441e-07 -1.1313e-11 -1.06538e-09 1 -1 1 1
0.174867 5.76369e-06 0.000974374 4.15686e-07 -8.35544e-12 -9.9774e-10 1 -1 1 1
0.17622 2.07367e-05 0.00115157 1.0439e-06 -4.78234e-12 -1.49131e-09 1 -1 1 1
0.173452 2.65253e-07 0.000881055 4.28301e-08 -2.52666e-13 -1.99076e-11 1 -1 1 1
0.174487 9.75747e-07 0.000894927 3.90189e-07 -5.76409e-12 -3.81201e-10 1 -1 1 1
0.175376 8.55153e-07 0.00105792 6.62755e-08 2.98583e-13 4.81057e-11 1 -1 1 1
0.176003 1.62849e-06 0.000988324 8.46893e-07 -2.44563e-11 4.27276e-10 1 -1 1 1
0.175358 1.07257e-05 0.000995181 4.25951e-07 -4.08623e-12 -1.22952e-09 1 -1 1 1
0.178635 0.000220334 0.00187988 3.52864e-06 -2.73983e-10 -4.95517e-08 1 -1 1 1
0.174535 7.84163e-06 0.000961593 2.40394e-07 3.65296e-12 6.60701e-10 1 -1 1 1
0.175318 2.25582e-06 0.000880415 7.05767e-07 -1.44016e-11 4.93293e-10 1 -1 1 1
0.176315 4.41027e-05 0.00104607 1.98852e-06 -7.98816e-11 -1.20528e-08 1 -1 1 1
0.174751 1.78914e-05 0.00105354 3.51395e-07 -6.67084e-12 -1.39908e-09 1 -1 1 1
0.174478 2.92998e-06 0.00106914 3.21358e-07 -4.92884e-12 2.09568e-11 1 -1 1 1
0.175746 2.13016e-05 0.000923274 6.90403e-07 -6.84642e-12 3.15479e-09 1 -1 1 1
0.175358 7.48017e-06 0.000997557 5.23709e-07 -7.53738e-12 -1.80544e-10 1 -1 1 1
0.174675 2.12071e-06 0.0009478 2.48405e-07 1.22113e-12 1.51347e-10 1 -1 1 1
0.174117 1.57966e-06 0.000883262 1.19761e-07 -1.22525e-12 1.18686e-10 1 -1 1 1
0.174419 1.9245e-05 0.000978964 3.89901e-09 6.28435e-15 -6.75313e-13 1 -1 1 1
0.17411 1.77336e-05 0.000846573 4.53556e-08 1.97308e-13 1.23418e-10 1 -1 1 1
0.174131 2.94201e-06 0.000931269 1.34644e-07 -1.47704e-12 -6.07378e-11 1 -1 1 1
0.174815 4.2172e-07 0.000888271 2.3455e-07 -2.48693e-12 1.34562e-10 1 -1 1 1
0.175815 1.92149e-06 0.00094085 5.02715e-07 -8.95862e-12 5.5332e-10 1 -1 1 1
0.174644 4.89995e-06 0.000950357 1.00539e-07 9.59895e-13 2.13354e-10 1 -1 1 1
0.174374 6.86295e-06 0.000864007 5.87509e-09 1.02545e-14 -3.30582e-12 1 -1 1 1
0.174066 5.52299e-06 0.000898153 2.61943e-07 -1.69592e-12 2.4453e-10 1 -1 1 1
0.175978 0.000149189 0.00155618 1.63865e-06 -8.04635e-11 -1.77098e-08 1 -1 1 1
0.176757 0.000172229 0.00164728 2.3182e-06 -1.36158e-10 -2.89644e-08 1 -1 1 1
0.173773 3.19188e-06 0.000879723 4.36472e-08 -1.70674e-13 -3.92471e-11 1 -1 1 1
0.17703 6.03012e-06 0.00115793 1.61439e-06 -6.97723e-11 -3.30049e-09 1 -1 1 1
0.174799 2.81723e-05 0.000929789 6.54759e-07 2.2962e-12 1.74443e-09 1 -1 1 1
0.175887 9.60373e-06 0.00117285 8.24408e-07 -3.82011e-12 7.74775e-11 1 -1 1 1
0.177247 0.00019476 0.00178387 2.16045e-06 1.73267e-11 -7.64279e-09 1 -1 1 1
0.174635 1.08089e-06 0.000971503 3.62498e-07 -3.75202e-12 2.07138e-10 1 -1 1 1
0.174521 1.09424e-05 0.000903159 6.48582e-07 -1.56785e-11 -1.9336e-09 1 -1 1 1
0.174137 1.29389e-06 0.00089472 1.06781e-07 -5.35367e-13 9.89802e-11 1 -1 1 1
0.17546 5.17697e-06 0.000927194 7.70466e-07 -1.84691e-11 -9.81733e-10 1 -1 1 1
0.173519 3.29943e-07 0.000970992 2.61615e-08 1.31752e-13 -5.50003e-12 1 -1 1 1
0.174546 2.15136e-05 0.000959538 4.78262e-07 9.10541e-12 2.2151e-09 1 -1 1 1
0.175312 1.05962e-07 0.000914813 7.15392e-07 -1.82763e-11 -2.27561e-10 1 -1 1 1
