296
0.389531 0.0237597 0.034315 0.000219567 5.19165e-07 3.11792e-05 -1 -1 -1 -1
0.38219 0.0200431 0.0335332 1.86824e-05 -1.31546e-08 -5.53371e-07 -1 -1 -1 -1
0.41285 0.0272942 0.0405955 0.000279454 6.85402e-07 3.81528e-05 -1 -1 -1 -1
0.402828 0.0250653 0.0374244 0.000149291 3.17326e-07 2.23657e-05 -1 -1 -1 -1
0.378454 0.0211597 0.0313542 0.000144058 2.56662e-07 1.89498e-05 -1 -1 -1 -1
0.485511 0.037616 0.0688252 0.000435292 2.37892e-06 8.2904e-05 -1 -1 -1 -1
0.350997 0.0187428 0.0241722 2.14036e-05 9.64952e-10 1.43774e-06 -1 -1 -1 -1
0.396616 0.0239152 0.0356035 3.15972e-05 -1.89611e-08 9.49517e-08 -1 -1 -1 -1
0.416514 0.0251752 0.043528 0.000216817 3.55802e-07 2.43407e-05 -1 -1 -1 -1
0.398984 0.0221505 0.0357894 5.41203e-05 -9.38475e-09 2.26127e-06 -1 -1 -1 -1
0.440491 0.0278176 0.0530575 0.000401939 9.62829e-07 4.55926e-05 -1 -1 -1 -1
0.433098 0.0269128 0.0450392 1.22824e-05 5.45819e-09 1.71195e-06 -1 -1 -1 -1
0.424986 0.023378 0.0457934 4.03694e-05 4.35715e-08 5.25745e-06 -1 -1 -1 -1
0.394178 0.0239169 0.0347684 0.000110516 9.27157e-08 1.16485e-05 -1 -1 -1 -1
0.391933 0.0231702 0.0341387 0.000147908 2.04615e-07 1.70618e-05 -1 -1 -1 -1
0.463558 0.0359034 0.0530215 9.29775e-06 5.47877e-09 1.53517e-06 -1 -1 -1 -1
0.397509 0.0219206 0.0362846 8.85974e-05 1.0795e-07 1.03006e-05 -1 -1 -1 -1
0.715572 0.484683 5.83303e-07 6.35071e-08 -1.18418e-14 -4.24666e-08 1 -1 -1 -1
0.709127 0.47621 1.89574e-32 2.10638e-33 -1.16975e-65 -1.40885e-33 1 -1 -1 -1
0.999989 0.973604 0.00180422 0.00172797 3.05104e-06 0.00164273 1 -1 -1 -1
1.12486 1.24426 0.00588632 0.00480712 2.55592e-05 0.00510931 1 -1 -1 -1
0.725335 0.497943 0.000136946 9.97532e-05 1.16335e-08 6.48402e-05 1 -1 -1 -1
0.738894 0.518826 7.72512e-05 5.36798e-05 3.44916e-09 3.65938e-05 1 -1 -1 -1
0.878968 0.751799 0 0 0 0 1 -1 -1 -1
0.753786 0.540009 0.0011158 0.00099807 1.05325e-06 0.000732728 1 -1 -1 -1
0.806067 0.622319 4.87979e-05 4.35769e-05 2.00948e-09 3.43616e-05 1 -1 -1 -1
0.758885 0.550479 0.0013684 0.00104172 1.24228e-06 0.000728157 1 -1 -1 -1
0.804314 0.622384 3.82514e-05 7.17238e-06 4.61443e-11 -7.7753e-08 1 -1 -1 -1
0.868465 0.727151 0.000393333 0.000288336 9.69469e-08 0.00023368 1 -1 -1 -1
0.826243 0.655065 0.000336 0.000182267 4.44355e-08 0.000128541 1 -1 -1 -1
0.816577 0.639421 0.00124302 0.00104823 1.19624e-06 0.000824037 1 -1 -1 -1
0.764935 0.557398 7.40201e-05 4.96575e-05 2.99777e-09 3.3705e-05 1 -1 -1 -1
0.831824 0.667388 3.70077e-05 6.95853e-06 4.35802e-11 -7.72643e-08 1 -1 -1 -1
0.703145 0.467418 7.92989e-05 4.49483e-05 2.65575e-09 2.76002e-05 1 -1 -1 -1
0.773964 0.571398 3.65651e-06 5.52116e-07 -4.1525e-14 -1.69265e-07 1 -1 -1 -1
0.739072 0.519687 7.25382e-06 9.5205e-07 -8.62879e-13 -3.74721e-07 1 -1 -1 -1
0.736045 0.513879 1.58131e-06 1.00453e-06 1.2581e-12 6.64539e-07 1 -1 -1 -1
0.752187 0.538773 0.000464968 0.000390337 1.6627e-07 0.000283618 1 -1 -1 -1
0.853416 0.700828 0.000445879 0.000314496 1.17525e-07 0.000250852 1 -1 -1 -1
0.825026 0.653631 0.000112716 9.36415e-05 9.61722e-09 7.43617e-05 1 -1 -1 -1
0.720927 0.492302 2.49601e-06 6.89182e-07 7.05425e-13 2.26372e-07 1 -1 -1 -1
0.754855 0.54235 0.000279482 0.000245724 6.43898e-08 0.000178959 1 -1 -1 -1
0.754714 0.542075 5.42331e-05 4.67279e-05 2.35225e-09 3.41851e-05 1 -1 -1 -1
0.665197 0.0766226 0.0107671 0.00211823 5.92702e-06 0.000367666 -1 1 -1 -1
0.519917 0.0374018 0.00509529 0.000861143 1.35664e-06 0.000115982 -1 1 -1 -1
0.547783 0.0470858 0.00647191 0.00114411 2.60435e-06 0.000186954 -1 1 -1 -1
0.512985 0.0365853 0.0030016 0.000726385 1.00849e-06 0.000111 -1 1 -1 -1
0.508926 0.0383439 0.00374388 0.000452357 3.28654e-07 4.58127e-05 -1 1 -1 -1
0.811654 0.111479 0.0318203 0.00944013 0.000163591 0.00290779 -1 1 -1 -1
0.510819 0.0394063 0.00459896 0.000952355 1.62755e-06 0.000132922 -1 1 -1 -1
0.507709 0.034383 0.00494564 0.000641941 9.11335e-07 8.12804e-05 -1 1 -1 -1
0.731186 0.0940584 0.00986415 0.00171864 5.40613e-06 0.000341094 -1 1 -1 -1
0.592013 0.0492189 0.0069156 0.00120226 2.89023e-06 0.00019253 -1 1 -1 -1
0.650002 0.0542915 0.00912209 0.00128907 3.20689e-06 0.000182136 -1 1 -1 -1
0.588878 0.051031 0.00651844 0.00110821 2.31058e-06 0.000175655 -1 1 -1 -1
0.653346 0.0586329 0.0098831 0.00176445 6.02119e-06 0.000301784 -1 1 -1 -1
0.744783 0.077427 0.015154 0.00274851 1.38898e-05 0.000510209 -1 1 -1 -1
0.685409 0.0776627 0.0158752 0.00419073 3.14973e-05 0.000967236 -1 1 -1 -1
0.605626 0.053963 0.00778344 0.00153164 4.19155e-06 0.000260266 -1 1 -1 -1
0.720073 0.0782823 0.0124438 0.00132216 2.43504e-06 0.000147258 -1 1 -1 -1
0.658565 0.0552809 0.00717889 0.000220384 -3.73868e-09 -4.65038e-05 -1 1 -1 -1
0.685133 0.0734181 0.0104751 0.000789302 1.19567e-06 8.07915e-05 -1 1 -1 -1
0.483852 0.0500565 0.00535999 0.003659 1.28611e-05 5.62632e-05 1 1 -1 -1
0.49103 0.0503808 0.00616079 0.00403306 1.53912e-05 3.17343e-05 1 1 -1 -1
0.494295 0.0548191 0.00565601 0.00406245 1.58078e-05 0.000127706 1 1 -1 -1
0.481146 0.0505599 0.00486062 0.00372366 1.20826e-05 7.75711e-05 1 1 -1 -1
0.564909 0.0801745 0.0090638 0.00788915 5.73508e-05 0.000728298 1 1 -1 -1
0.485115 0.0491029 0.00719258 0.00551658 2.61981e-05 6.315e-05 1 1 -1 -1
0.50296 0.051068 0.00610915 0.00365676 1.04972e-05 -0.000150209 1 1 -1 -1
0.524354 0.0667956 0.00762059 0.00549002 3.01867e-05 0.000276276 1 1 -1 -1
0.521827 0.066164 0.0078576 0.00528372 2.95938e-05 0.000279343 1 1 -1 -1
0.508151 0.0568706 0.00704025 0.00491037 2.49146e-05 0.000258842 1 1 -1 -1
0.503405 0.0558251 0.00599688 0.00501106 2.0897e-05 0.000135019 1 1 -1 -1
0.511981 0.0577944 0.00772365 0.00537969 2.77684e-05 0.000124014 1 1 -1 -1
0.528789 0.0619425 0.00770169 0.00578801 2.85632e-05 5.28062e-05 1 1 -1 -1
0.508025 0.0513784 0.00673395 0.00447909 1.81325e-05 -1.69185e-06 1 1 -1 -1
0.527658 0.0634965 0.0072213 0.0057472 3.17861e-05 0.00029311 1 1 -1 -1
0.48429 0.0497045 0.00529257 0.00364273 1.20518e-05 2.41697e-05 1 1 -1 -1
0.478687 0.0482227 0.00480947 0.00348878 1.07211e-05 -6.59671e-06 1 1 -1 -1
0.493064 0.0510495 0.0056833 0.00393102 1.30067e-05 -7.38424e-05 1 1 -1 -1
0.492371 0.0541511 0.00583637 0.00440598 1.80525e-05 0.000175937 1 1 -1 -1
0.507311 0.0574092 0.00657011 0.00449284 1.93567e-05 0.00012381 1 1 -1 -1
0.491177 0.050575 0.00583649 0.00410508 1.39224e-05 -3.64229e-05 1 1 -1 -1
0.335689 0.012698 0.0185941 0.000206599 2.26718e-07 4.23555e-06 -1 -1 1 -1
0.340149 0.0118146 0.0208669 8.43866e-05 6.57596e-08 1.26557e-06 -1 -1 1 -1
0.330004 0.0111878 0.0182202 0.000209385 2.30679e-07 5.58347e-06 -1 -1 1 -1
0.456748 0.0206649 0.0519638 0.000326393 -4.43194e-07 -4.53764e-05 -1 -1 1 -1
0.332987 0.0100454 0.0184063 0.000139472 1.35563e-07 3.06924e-06 -1 -1 1 -1
0.299486 0.00683183 0.0139138 4.08599e-05 1.59449e-08 1.04324e-06 -1 -1 1 -1
0.318688 0.00862457 0.0162935 9.40548e-05 6.58958e-08 1.42926e-06 -1 -1 1 -1
0.416204 0.0191589 0.0363289 9.48111e-05 1.63545e-07 1.21492e-05 -1 -1 1 -1
0.374191 0.0132032 0.0274888 0.000156796 8.42627e-08 -9.29788e-07 -1 -1 1 -1
0.394242 0.017486 0.030387 6.78058e-05 7.69613e-08 2.97792e-06 -1 -1 1 -1
0.381137 0.0148184 0.0287275 0.00024479 6.15405e-07 1.97812e-05 -1 -1 1 -1
0.40659 0.0152718 0.0349362 0.000173687 1.81693e-07 2.22154e-06 -1 -1 1 -1
0.379665 0.0149081 0.0273038 0.000157719 2.78274e-07 9.37138e-06 -1 -1 1 -1
0.4122 0.0173852 0.0384199 0.000482306 1.96364e-06 4.16474e-05 -1 -1 1 -1
0.396151 0.0149874 0.0322897 0.00010227 1.69844e-07 6.99352e-06 -1 -1 1 -1
0.362374 0.0122119 0.0243027 7.48213e-05 2.97636e-09 -1.05289e-06 -1 -1 1 -1
0.359066 0.0113548 0.0238759 0.000173334 2.83535e-07 7.97493e-06 -1 -1 1 -1
0.407567 0.0137867 0.0352012 0.000105907 -1.94707e-07 -1.21885e-05 -1 -1 1 -1
0.367875 0.0140762 0.0257707 0.00022354 3.73037e-07 9.32368e-06 -1 -1 1 -1
0.431427 0.018362 0.0432163 0.000202573 5.63008e-07 2.51031e-05 -1 -1 1 -1
0.421114 0.0166313 0.039241 0.000368016 2.74362e-07 -5.73926e-06 -1 -1 1 -1
0.365241 0.0112284 0.0253485 0.000128103 4.99182e-08 -1.03113e-06 -1 -1 1 -1
0.711071 0.0900109 0.000309863 0.00457261 -5.10707e-06 0.00133936 1 -1 1 -1
0.614929 0.0569705 0.000204186 0.00318799 -3.36773e-08 0.000739382 1 -1 1 -1
0.483499 0.0301473 0.000220628 0.000742563 -5.71378e-08 0.000125655 1 -1 1 -1
0.509057 0.0321936 0.000445561 0.000638563 -3.56924e-08 0.000110196 1 -1 1 -1
0.510403 0.035743 0.000266995 0.00190198 -2.20346e-07 0.000355261 1 -1 1 -1
0.524161 0.0311305 0.000376069 0.00154218 -1.0224e-06 0.000267074 1 -1 1 -1
0.506985 0.0319296 0.000248957 0.000569146 -1.19208e-07 0.000100928 1 -1 1 -1
0.599636 0.0615353 0.000503677 0.00218788 6.96705e-07 0.00053215 1 -1 1 -1
0.477193 0.0274975 0.000423244 0.000428962 -6.21698e-08 6.71587e-05 1 -1 1 -1
0.506173 0.034275 0.000322764 0.000614483 -2.85234e-08 0.000105917 1 -1 1 -1
0.48746 0.0287397 0.000410042 0.000529039 -8.82152e-08 8.48224e-05 1 -1 1 -1
0.552195 0.0374769 0.00116507 0.000400289 -3.86214e-08 6.4327e-05 1 -1 1 -1
0.532698 0.0355478 0.000621536 0.000718745 -3.25799e-07 0.000135382 1 -1 1 -1
0.519851 0.029315 0.000617468 0.000654205 -3.03247e-07 0.000110467 1 -1 1 -1
0.493253 0.0302234 0.000329523 0.000494309 -7.92581e-08 8.51443e-05 1 -1 1 -1
0.512829 0.0291004 0.000429076 0.000630035 -1.98971e-07 0.000103061 1 -1 1 -1
0.529438 0.0300998 0.00111693 0.000417348 -8.641e-08 6.53994e-05 1 -1 1 -1
0.534446 0.035482 0.000595792 0.00155183 -9.42058e-07 0.000285071 1 -1 1 -1
0.546405 0.0356771 0.000952339 0.000672512 2.73701e-08 0.000113194 1 -1 1 -1
0.589994 0.0517122 0.00120894 0.00105267 -1.14719e-07 0.000230375 1 -1 1 -1
0.535872 0.031713 0.000891798 0.000593077 -2.50611e-07 0.000101526 1 -1 1 -1
0.559555 0.0399552 0.000209068 0.00174614 -1.0272e-06 0.000342881 1 -1 1 -1
0.818262 0.0308763 0.0149497 0.00466182 -3.10417e-05 -0.000811968 -1 1 1 -1
0.407277 0.00939322 0.000936493 0.000355651 5.86946e-08 -1.35521e-05 -1 1 1 -1
0.402565 0.00748514 0.000925336 0.000340261 2.69435e-08 -1.28986e-05 -1 1 1 -1
0.424409 0.0101207 0.00119396 0.000448775 -3.04918e-09 -2.62837e-05 -1 1 1 -1
0.409705 0.00992861 0.00115468 0.000378475 -3.32481e-08 -2.35057e-05 -1 1 1 -1
0.404783 0.00922747 0.000905165 0.000379043 7.31403e-08 -1.38417e-05 -1 1 1 -1
0.611327 0.0282155 0.00614771 0.00211053 -3.18664e-06 -0.000263819 -1 1 1 -1
0.467912 0.0113482 0.0024793 0.000766585 -5.41349e-07 -6.37879e-05 -1 1 1 -1
0.413262 0.0109273 0.000965434 0.000345061 1.24157e-08 -1.66201e-05 -1 1 1 -1
0.481406 0.0136486 0.003163 0.00153855 -3.67718e-07 -9.61159e-05 -1 1 1 -1
0.453648 0.0133958 0.00141632 0.000920337 4.80148e-07 -3.23309e-05 -1 1 1 -1
0.407941 0.00836546 0.000965878 0.000387112 6.20272e-08 -1.2898e-05 -1 1 1 -1
0.392629 0.00869556 0.000943439 0.00035813 3.5067e-08 -1.39309e-05 -1 1 1 -1
0.435299 0.0115012 0.00165269 0.000643619 4.73176e-08 -3.29641e-05 -1 1 1 -1
0.422499 0.00944929 0.00136127 0.00076989 2.56074e-08 -2.9932e-05 -1 1 1 -1
0.432337 0.0104817 0.00135509 0.000591632 -3.1602e-08 -3.39477e-05 -1 1 1 -1
0.431707 0.00944083 0.00153224 0.000770607 -5.09774e-08 -4.36051e-05 -1 1 1 -1
0.425474 0.00968662 0.00129598 0.000554396 -6.41948e-08 -3.03242e-05 -1 1 1 -1
0.411915 0.00753404 0.00108966 0.000420015 4.66489e-08 -1.7543e-05 -1 1 1 -1
0.415671 0.00865581 0.00111253 0.000433145 4.70712e-08 -1.89255e-05 -1 1 1 -1
0.412349 0.00814776 0.00114876 0.000456942 2.58764e-08 -1.96567e-05 -1 1 1 -1
0.409381 0.00814223 0.00121812 0.000405255 -3.84991e-08 -2.39661e-05 -1 1 1 -1
0.447285 0.0109627 0.00150458 0.000724156 -4.99245e-08 -3.90329e-05 -1 1 1 -1
0.411294 0.00937717 0.00115 0.000378401 -2.677e-08 -2.0093e-05 -1 1 1 -1
0.484575 0.0154864 0.00201568 0.000807325 2.71142e-08 -5.96763e-05 -1 1 1 -1
0.423395 0.0116808 0.0012736 0.000486072 6.34343e-08 -2.31289e-05 -1 1 1 -1
0.417063 0.0101232 0.00119062 0.000409825 -7.5729e-09 -2.3363e-05 -1 1 1 -1
0.41822 0.00900318 0.00124208 0.000477395 -4.2215e-08 -2.65067e-05 -1 1 1 -1
0.41625 0.009607 0.00111568 0.000428547 3.69105e-08 -2.12046e-05 -1 1 1 -1
0.426571 0.00995705 0.00153531 0.000538576 8.64769e-08 -1.92549e-05 -1 1 1 -1
0.417766 0.0097882 0.0014833 0.000753124 3.54987e-07 -2.04466e-05 -1 1 1 -1
0.446504 0.0161006 0.00186726 0.000885385 -1.38916e-07 -7.11423e-05 -1 1 1 -1
0.412764 0.0103016 0.0013633 0.000339524 5.03667e-08 -1.30379e-05 -1 1 1 -1
0.472592 0.0172162 0.00312209 0.00103249 5.90687e-07 -4.14622e-05 -1 1 1 -1
0.418353 0.00856871 0.00126932 0.000395238 4.50354e-08 -1.57865e-05 -1 1 1 -1
0.44863 0.0102921 0.00186909 0.000381661 -1.73877e-07 -3.2741e-05 -1 1 1 -1
0.41347 0.00843928 0.00125932 0.000380938 -3.98663e-08 -2.1486e-05 -1 1 1 -1
0.422238 0.00890057 0.00127874 0.000581276 1.05352e-07 -2.10139e-05 -1 1 1 -1
0.430239 0.011135 0.00121264 0.00055342 7.55495e-08 -2.55434e-05 -1 1 1 -1
0.43194 0.00924351 0.00133877 0.000395199 5.88361e-08 -1.78567e-05 -1 1 1 -1
0.460222 0.0135864 0.00246121 0.00125543 5.51999e-07 -4.17742e-05 -1 1 1 -1
0.453881 0.0108935 0.00261363 0.000925028 -5.45163e-07 -5.62521e-05 -1 1 1 -1
0.543639 0.0688333 0.104956 0.0110155 0.000144193 0.00208788 1 1 1 -1
0.554826 0.0721523 0.116431 0.0152311 0.000321624 0.00337411 1 1 1 -1
0.539186 0.0679826 0.107553 0.0139744 0.000289472 0.00290696 1 1 1 -1
0.522639 0.0574989 0.102669 0.0146228 0.0003103 0.00270629 1 1 1 -1
0.782892 0.109965 0.359257 0.0432732 0.00154022 0.00949926 1 1 1 -1
0.542705 0.0666412 0.106154 0.0124788 0.000214999 0.0024594 1 1 1 -1
0.617589 0.0960192 0.165247 0.0258379 0.000961439 0.00635678 1 1 1 -1
0.545093 0.0697871 0.107885 0.0128016 0.000221432 0.00260455 1 1 1 -1
0.729404 0.0996252 0.288549 0.0288282 0.000845458 0.00557687 1 1 1 -1
0.548636 0.0589266 0.114158 0.0132551 0.000236435 0.00256063 1 1 1 -1
0.581843 0.0775343 0.132752 0.015018 0.000251742 0.00286411 1 1 1 -1
0.61925 0.0871891 0.154468 0.0141204 7.36419e-05 0.00226825 1 1 1 -1
0.811464 0.135905 0.4068 0.0551735 0.00483662 0.0163101 1 1 1 -1
0.716836 0.107427 0.2606 0.0278025 0.000922999 0.00619574 1 1 1 -1
0.641189 0.0927227 0.18867 0.026216 0.00101508 0.00615777 1 1 1 -1
0.688283 0.111843 0.212162 0.0205144 0.000283093 0.00401493 1 1 1 -1
0.594002 0.0768685 0.140199 0.0138211 0.00017385 0.00255868 1 1 1 -1
0.769515 0.134378 0.300381 0.0301283 0.000224599 0.00582746 1 1 1 -1
0.630082 0.0960657 0.161542 0.0171686 0.00032556 0.00390636 1 1 1 -1
0.693321 0.109065 0.23435 0.0261303 0.00048634 0.00522335 1 1 1 -1
0.676954 0.0903091 0.239954 0.0281681 0.00111617 0.00608542 1 1 1 -1
0.612083 0.087066 0.152894 0.0173886 0.000408888 0.00397087 1 1 1 -1
0.821752 0.1576 0.398802 0.0515417 0.00363037 0.0161164 1 1 1 -1
0.642476 0.0951487 0.178566 0.0194812 0.000447087 0.00421631 1 1 1 -1
0.665205 0.104977 0.18696 0.0171631 -6.62594e-05 0.00267131 1 1 1 -1
0.352496 0.0110449 0.00103189 1.32238e-05 -1.50646e-09 1.36866e-06 -1 -1 -1 1
0.424211 0.0160118 0.00192501 8.31235e-05 -3.25367e-08 1.00987e-05 -1 -1 -1 1
0.412825 0.0170881 0.00196016 0.000147191 -7.83914e-08 1.92109e-05 -1 -1 -1 1
0.363146 0.0122655 0.00116325 1.64491e-05 -2.12628e-09 1.75545e-06 -1 -1 -1 1
0.371862 0.0094938 0.00155227 4.49531e-05 -1.16553e-08 4.37463e-06 -1 -1 -1 1
0.492975 0.0245262 0.00228079 0.000433421 -4.22687e-07 6.77481e-05 -1 -1 -1 1
0.477202 0.0253839 0.00293747 4.24022e-05 -6.3405e-09 4.62144e-06 -1 -1 -1 1
0.400027 0.0048552 0.00154499 0.000135475 -6.01319e-08 9.3246e-06 -1 -1 -1 1
0.367489 0.0125813 0.00119321 1.6657e-05 -2.28975e-09 1.83064e-06 -1 -1 -1 1
0.365154 0.0123724 0.00112583 1.28421e-05 -1.52685e-09 1.4184e-06 -1 -1 -1 1
0.361763 0.0126722 0.000981751 2.70885e-05 -3.91767e-09 2.86957e-06 -1 -1 -1 1
0.363939 0.0119386 0.0011561 2.42469e-05 -3.40921e-09 2.40111e-06 -1 -1 -1 1
0.373301 0.0137056 0.0010623 6.28146e-05 -1.60835e-08 7.32041e-06 -1 -1 -1 1
0.367603 0.0121802 0.00124214 1.71332e-05 -2.04996e-09 1.7577e-06 -1 -1 -1 1
0.375622 0.0119363 0.00128828 4.14736e-05 -9.55717e-09 4.52298e-06 -1 -1 -1 1
0.394507 0.0126058 0.00152207 2.86717e-05 -5.98956e-09 3.21755e-06 -1 -1 -1 1
0.361045 0.0117892 0.000957735 1.85665e-05 -2.25667e-09 1.94807e-06 -1 -1 -1 1
0.372464 0.0135086 0.00117011 3.43578e-05 -6.78471e-09 3.98943e-06 -1 -1 -1 1
0.38659 0.0120125 0.0015643 3.60729e-05 -2.60845e-09 2.75849e-06 -1 -1 -1 1
0.364308 0.0119626 0.00116688 3.00722e-05 -5.53272e-09 3.24447e-06 -1 -1 -1 1
0.384078 0.0136698 0.00138246 5.22683e-06 -4.32089e-10 5.99358e-07 -1 -1 -1 1
0.393623 0.015007 0.00165795 2.82345e-05 -5.67958e-09 3.41636e-06 -1 -1 -1 1
0.37393 0.0112531 0.00145108 1.67376e-05 -2.60658e-09 1.77552e-06 -1 -1 -1 1
0.386915 0.0144595 0.00165388 7.36681e-05 -2.51813e-08 8.81073e-06 -1 -1 -1 1
0.379167 0.0114761 0.00154103 7.27886e-05 -2.03637e-08 7.18281e-06 -1 -1 -1 1
1.3127 0.849377 0.452455 0.0504974 -6.57285e-05 -0.0364281 1 -1 -1 1
0.757967 0.248278 0.0990392 0.0128901 -0.000173307 -0.00129187 1 -1 -1 1
0.667729 0.172826 0.0578818 0.00659161 -6.2679e-05 -0.0025956 1 -1 -1 1
0.76575 0.255773 0.0948178 0.0112193 -0.000240185 -0.0025069 1 -1 -1 1
0.812664 0.27455 0.124096 0.0146335 -0.00043233 -0.00362002 1 -1 -1 1
1.21551 0.662736 0.418078 0.0446756 -0.00491804 -0.0197497 1 -1 -1 1
1.09984 0.570451 0.288455 0.0326221 -0.00299047 -0.0239375 1 -1 -1 1
0.749536 0.23144 0.0970704 0.0102693 -0.00032423 -0.00435082 1 -1 -1 1
0.685531 0.195372 0.067917 0.00767793 -0.000158974 -0.00233564 1 -1 -1 1
0.752462 0.252489 0.0851832 0.00997371 -0.000210265 -0.00248676 1 -1 -1 1
0.83182 0.318842 0.118222 0.0126958 -0.000411904 -0.00416498 1 -1 -1 1
0.764432 0.256418 0.0918768 0.0110886 -0.000233872 -0.00250712 1 -1 -1 1
1.3127 0.849377 0.452455 0.0504974 -6.57285e-05 -0.0364281 1 -1 -1 1
0.757967 0.248278 0.0990392 0.0128901 -0.000173307 -0.00129187 1 -1 -1 1
0.667729 0.172826 0.0578818 0.00659161 -6.2679e-05 -0.0025956 1 -1 -1 1
0.76575 0.255773 0.0948178 0.0112193 -0.000240185 -0.0025069 1 -1 -1 1
0.812664 0.27455 0.124096 0.0146335 -0.00043233 -0.00362002 1 -1 -1 1
1.21551 0.662736 0.418078 0.0446756 -0.00491804 -0.0197497 1 -1 -1 1
1.09984 0.570451 0.288455 0.0326221 -0.00299047 -0.0239375 1 -1 -1 1
0.749536 0.23144 0.0970704 0.0102693 -0.00032423 -0.00435082 1 -1 -1 1
0.685531 0.195372 0.067917 0.00767793 -0.000158974 -0.00233564 1 -1 -1 1
0.752462 0.252489 0.0851832 0.00997371 -0.000210265 -0.00248676 1 -1 -1 1
0.83182 0.318842 0.118222 0.0126958 -0.000411904 -0.00416498 1 -1 -1 1
0.764432 0.256418 0.0918768 0.0110886 -0.000233872 -0.00250712 1 -1 -1 1
1.35746 1.012 0.312564 0.0292668 -0.00267609 -0.0222776 1 -1 -1 1
1.03078 0.481884 0.285142 0.0384721 -0.000738323 -0.00274659 1 -1 -1 1
1.11619 0.609608 0.299283 0.0358244 -0.00188012 -0.00917979 1 -1 -1 1
0.964651 0.408601 0.231483 0.0305239 -0.000760114 -0.00335252 1 -1 -1 1
1.36848 0.811384 0.813964 0.0850083 -0.0223513 -0.0643565 1 -1 -1 1
0.889387 0.366456 0.142116 0.0161177 -0.000587295 -0.00534068 1 -1 -1 1
0.898858 0.353006 0.15655 0.0159335 -0.000689 -0.00609672 1 -1 -1 1
0.85391 0.318219 0.135883 0.0164093 -0.00042146 -0.00314194 1 -1 -1 1
0.951774 0.400387 0.234533 0.0318469 -0.000961519 -0.00381785 1 -1 -1 1
0.899836 0.355229 0.17017 0.0170962 -0.000905203 -0.0096946 1 -1 -1 1
0.8055 0.280078 0.115171 0.0122834 -0.000461099 -0.00565106 1 -1 -1 1
0.872061 0.325832 0.158083 0.0167197 -0.000833582 -0.00750082 1 -1 -1 1
0.841635 0.318245 0.122955 0.0139144 -0.000500309 -0.0078156 1 -1 -1 1
0.970958 0.42378 0.209505 0.0235224 -0.00139322 -0.0100238 1 -1 -1 1
0.845718 0.30421 0.141987 0.0163694 -0.000449996 -0.00333314 1 -1 -1 1
0.571733 0.0444656 0.0237568 0.00383562 2.24611e-05 -1.17023e-05 -1 1 -1 1
0.426215 0.0188612 0.00946374 0.00119878 3.30298e-06 3.70783e-06 -1 1 -1 1
0.41234 0.0204016 0.0105283 0.00119935 2.85109e-06 -1.90228e-05 -1 1 -1 1
0.437663 0.0272297 0.0136383 0.00195318 7.61514e-06 1.21464e-05 -1 1 -1 1
0.411037 0.0233019 0.0108618 0.00131148 3.12461e-06 -1.95034e-05 -1 1 -1 1
0.431009 0.0232192 0.0128633 0.00215841 9.296e-06 6.22262e-05 -1 1 -1 1
0.40976 0.0203385 0.00897969 0.0012586 3.3388e-06 2.46982e-06 -1 1 -1 1
0.436002 0.0256968 0.0143008 0.00176834 4.35371e-06 -6.48522e-05 -1 1 -1 1
0.461313 0.0285949 0.01534 0.00218878 8.94942e-06 -2.00803e-05 -1 1 -1 1
0.446361 0.0254262 0.0135903 0.00182982 6.58494e-06 -2.78224e-06 -1 1 -1 1
0.470172 0.0294689 0.0169491 0.0029491 1.49506e-05 -1.74984e-06 -1 1 -1 1
0.507517 0.0335341 0.0192635 0.00289007 1.41102e-05 -4.52516e-05 -1 1 -1 1
0.496487 0.0304008 0.0166274 0.0022243 8.9214e-06 -7.41997e-05 -1 1 -1 1
0.460704 0.028731 0.0162963 0.00231643 1.07297e-05 1.75816e-06 -1 1 -1 1
0.456368 0.0296068 0.00203504 0.000926011 -1.04978e-06 -0.000151433 1 1 -1 1
0.541573 0.0360988 0.00640306 0.00456401 -1.49589e-05 -0.000540234 1 1 -1 1
0.426965 0.0236633 0.00152905 0.000828333 -7.36347e-07 -0.000118635 1 1 -1 1
0.429391 0.0238525 0.0018439 0.00103468 -1.19321e-06 -0.000148564 1 1 -1 1
0.480065 0.0269968 0.00363545 0.00178698 -4.35474e-06 -0.000285163 1 1 -1 1
0.542919 0.0394266 0.00727574 0.00485337 -7.86379e-07 9.92274e-05 1 1 -1 1
0.422949 0.0232007 0.00176979 0.000871482 -8.43967e-07 -0.000119949 1 1 -1 1
0.622953 0.057217 0.00321722 0.00242782 -5.97273e-06 -0.000577388 1 1 -1 1
0.440264 0.0251188 0.00163865 0.000948693 -8.46806e-07 -0.000128416 1 1 -1 1
0.529323 0.0385036 0.00340793 0.00158959 -3.42458e-06 -0.000311233 1 1 -1 1
0.445257 0.0275919 0.00190189 0.000986456 -1.19795e-06 -0.00015482 1 1 -1 1
0.459355 0.0298813 0.00227284 0.00104797 -1.46734e-06 -0.000176478 1 1 -1 1
0.457455 0.0298994 0.00179386 0.00090569 -1.02955e-06 -0.000146923 1 1 -1 1
0.452931 0.0256757 0.00199283 0.00113131 -1.69115e-06 -0.000180967 1 1 -1 1
0.461746 0.028997 0.00229357 0.00116902 -1.34771e-06 -0.000174703 1 1 -1 1
0.466185 0.0308034 0.00232831 0.00116978 -1.42629e-06 -0.000182159 1 1 -1 1
0.469676 0.0330133 0.00224403 0.00108651 -1.42077e-06 -0.000182897 1 1 -1 1
0.475541 0.0313742 0.00191188 0.000999882 -1.00938e-06 -0.000160619 1 1 -1 1
0.464826 0.0294319 0.0018452 0.00106197 -1.1054e-06 -0.00016111 1 1 -1 1
0.436216 0.0263343 0.00180387 0.000894146 -9.49683e-07 -0.000131886 1 1 -1 1
0.511451 0.0413975 0.00191408 0.0010348 -8.14516e-07 -0.000163489 1 1 -1 1
0.44981 0.0275878 0.00159297 0.000974749 -9.69294e-07 -0.000142166 1 1 -1 1
0.484354 0.0295482 0.00273096 0.00135111 -2.59175e-06 -0.000231165 1 1 -1 1
0.464697 0.0300965 0.00177467 0.00104934 -1.07338e-06 -0.000156506 1 1 -1 1
