40
0.715572 0.484683 5.83303e-07 6.35071e-08 -1.18418e-14 -4.24666e-08 
0.709127 0.47621 1.89574e-32 2.10638e-33 -1.16975e-65 -1.40885e-33 
0.999989 0.973604 0.00180422 0.00172797 3.05104e-06 0.00164273 
1.12486 1.24426 0.00588632 0.00480712 2.55592e-05 0.00510931 
0.725335 0.497943 0.000136946 9.97532e-05 1.16335e-08 6.48402e-05 
0.738894 0.518826 7.72512e-05 5.36798e-05 3.44916e-09 3.65938e-05 
0.878968 0.751799 0 0 0 0 
0.753786 0.540009 0.0011158 0.00099807 1.05325e-06 0.000732728 
0.806067 0.622319 4.87979e-05 4.35769e-05 2.00948e-09 3.43616e-05 
0.758885 0.550479 0.0013684 0.00104172 1.24228e-06 0.000728157 
0.804314 0.622384 3.82514e-05 7.17238e-06 4.61443e-11 -7.7753e-08 
0.868465 0.727151 0.000393333 0.000288336 9.69469e-08 0.00023368 
0.826243 0.655065 0.000336 0.000182267 4.44355e-08 0.000128541 
0.816577 0.639421 0.00124302 0.00104823 1.19624e-06 0.000824037 
0.764935 0.557398 7.40201e-05 4.96575e-05 2.99777e-09 3.3705e-05 
0.831824 0.667388 3.70077e-05 6.95853e-06 4.35802e-11 -7.72643e-08 
0.703145 0.467418 7.92989e-05 4.49483e-05 2.65575e-09 2.76002e-05 
0.773964 0.571398 3.65651e-06 5.52116e-07 -4.1525e-14 -1.69265e-07 
0.739072 0.519687 7.25382e-06 9.5205e-07 -8.62879e-13 -3.74721e-07 
0.736045 0.513879 1.58131e-06 1.00453e-06 1.2581e-12 6.64539e-07 
0.752187 0.538773 0.000464968 0.000390337 1.6627e-07 0.000283618 
0.853416 0.700828 0.000445879 0.000314496 1.17525e-07 0.000250852 
0.825026 0.653631 0.000112716 9.36415e-05 9.61722e-09 7.43617e-05 
0.720927 0.492302 2.49601e-06 6.89182e-07 7.05425e-13 2.26372e-07 
0.754855 0.54235 0.000279482 0.000245724 6.43898e-08 0.000178959 
0.754714 0.542075 5.42331e-05 4.67279e-05 2.35225e-09 3.41851e-05 
0.868465 0.727151 0.000393333 0.000288336 9.69469e-08 0.00023368 
0.826243 0.655065 0.000336 0.000182267 4.44355e-08 0.000128541 
0.816577 0.639421 0.00124302 0.00104823 1.19624e-06 0.000824037 
0.764935 0.557398 7.40201e-05 4.96575e-05 2.99777e-09 3.3705e-05 
0.831824 0.667388 3.70077e-05 6.95853e-06 4.35802e-11 -7.72643e-08 
0.703145 0.467418 7.92989e-05 4.49483e-05 2.65575e-09 2.76002e-05 
0.773964 0.571398 3.65651e-06 5.52116e-07 -4.1525e-14 -1.69265e-07 
0.736045 0.513879 1.58131e-06 1.00453e-06 1.2581e-12 6.64539e-07 
0.752187 0.538773 0.000464968 0.000390337 1.6627e-07 0.000283618 
0.853416 0.700828 0.000445879 0.000314496 1.17525e-07 0.000250852 
0.825026 0.653631 0.000112716 9.36415e-05 9.61722e-09 7.43617e-05 
0.720927 0.492302 2.49601e-06 6.89182e-07 7.05425e-13 2.26372e-07 
0.754855 0.54235 0.000279482 0.000245724 6.43898e-08 0.000178959 
0.754714 0.542075 5.42331e-05 4.67279e-05 2.35225e-09 3.41851e-05 
