30
0.665197 0.0766226 0.0107671 0.00211823 5.92702e-06 0.000367666 
0.519917 0.0374018 0.00509529 0.000861143 1.35664e-06 0.000115982 
0.547783 0.0470858 0.00647191 0.00114411 2.60435e-06 0.000186954 
0.512985 0.0365853 0.0030016 0.000726385 1.00849e-06 0.000111 
0.508926 0.0383439 0.00374388 0.000452357 3.28654e-07 4.58127e-05 
0.811654 0.111479 0.0318203 0.00944013 0.000163591 0.00290779 
0.510819 0.0394063 0.00459896 0.000952355 1.62755e-06 0.000132922 
0.507709 0.034383 0.00494564 0.000641941 9.11335e-07 8.12804e-05 
0.731186 0.0940584 0.00986415 0.00171864 5.40613e-06 0.000341094 
0.592013 0.0492189 0.0069156 0.00120226 2.89023e-06 0.00019253 
0.650002 0.0542915 0.00912209 0.00128907 3.20689e-06 0.000182136 
0.588878 0.051031 0.00651844 0.00110821 2.31058e-06 0.000175655 
0.653346 0.0586329 0.0098831 0.00176445 6.02119e-06 0.000301784 
0.744783 0.077427 0.015154 0.00274851 1.38898e-05 0.000510209 
0.685409 0.0776627 0.0158752 0.00419073 3.14973e-05 0.000967236 
0.605626 0.053963 0.00778344 0.00153164 4.19155e-06 0.000260266 
0.720073 0.0782823 0.0124438 0.00132216 2.43504e-06 0.000147258 
0.658565 0.0552809 0.00717889 0.000220384 -3.73868e-09 -4.65038e-05 
0.685133 0.0734181 0.0104751 0.000789302 1.19567e-06 8.07915e-05 
0.731186 0.0940584 0.00986415 0.00171864 5.40613e-06 0.000341094 
0.592013 0.0492189 0.0069156 0.00120226 2.89023e-06 0.00019253 
0.650002 0.0542915 0.00912209 0.00128907 3.20689e-06 0.000182136 
0.588878 0.051031 0.00651844 0.00110821 2.31058e-06 0.000175655 
0.653346 0.0586329 0.0098831 0.00176445 6.02119e-06 0.000301784 
0.744783 0.077427 0.015154 0.00274851 1.38898e-05 0.000510209 
0.685409 0.0776627 0.0158752 0.00419073 3.14973e-05 0.000967236 
0.605626 0.053963 0.00778344 0.00153164 4.19155e-06 0.000260266 
0.720073 0.0782823 0.0124438 0.00132216 2.43504e-06 0.000147258 
0.658565 0.0552809 0.00717889 0.000220384 -3.73868e-09 -4.65038e-05 
0.685133 0.0734181 0.0104751 0.000789302 1.19567e-06 8.07915e-05 
