36
0.483852 0.0500565 0.00535999 0.003659 1.28611e-05 5.62632e-05 
0.49103 0.0503808 0.00616079 0.00403306 1.53912e-05 3.17343e-05 
0.494295 0.0548191 0.00565601 0.00406245 1.58078e-05 0.000127706 
0.481146 0.0505599 0.00486062 0.00372366 1.20826e-05 7.75711e-05 
0.564909 0.0801745 0.0090638 0.00788915 5.73508e-05 0.000728298 
0.485115 0.0491029 0.00719258 0.00551658 2.61981e-05 6.315e-05 
0.50296 0.051068 0.00610915 0.00365676 1.04972e-05 -0.000150209 
0.524354 0.0667956 0.00762059 0.00549002 3.01867e-05 0.000276276 
0.521827 0.066164 0.0078576 0.00528372 2.95938e-05 0.000279343 
0.508151 0.0568706 0.00704025 0.00491037 2.49146e-05 0.000258842 
0.503405 0.0558251 0.00599688 0.00501106 2.0897e-05 0.000135019 
0.511981 0.0577944 0.00772365 0.00537969 2.77684e-05 0.000124014 
0.528789 0.0619425 0.00770169 0.00578801 2.85632e-05 5.28062e-05 
0.508025 0.0513784 0.00673395 0.00447909 1.81325e-05 -1.69185e-06 
0.527658 0.0634965 0.0072213 0.0057472 3.17861e-05 0.00029311 
0.48429 0.0497045 0.00529257 0.00364273 1.20518e-05 2.41697e-05 
0.478687 0.0482227 0.00480947 0.00348878 1.07211e-05 -6.59671e-06 
0.493064 0.0510495 0.0056833 0.00393102 1.30067e-05 -7.38424e-05 
0.492371 0.0541511 0.00583637 0.00440598 1.80525e-05 0.000175937 
0.507311 0.0574092 0.00657011 0.00449284 1.93567e-05 0.00012381 
0.491177 0.050575 0.00583649 0.00410508 1.39224e-05 -3.64229e-05 
0.50296 0.051068 0.00610915 0.00365676 1.04972e-05 -0.000150209 
0.524354 0.0667956 0.00762059 0.00549002 3.01867e-05 0.000276276 
0.521827 0.066164 0.0078576 0.00528372 2.95938e-05 0.000279343 
0.508151 0.0568706 0.00704025 0.00491037 2.49146e-05 0.000258842 
0.503405 0.0558251 0.00599688 0.00501106 2.0897e-05 0.000135019 
0.511981 0.0577944 0.00772365 0.00537969 2.77684e-05 0.000124014 
0.528789 0.0619425 0.00770169 0.00578801 2.85632e-05 5.28062e-05 
0.508025 0.0513784 0.00673395 0.00447909 1.81325e-05 -1.69185e-06 
0.527658 0.0634965 0.0072213 0.0057472 3.17861e-05 0.00029311 
0.48429 0.0497045 0.00529257 0.00364273 1.20518e-05 2.41697e-05 
0.478687 0.0482227 0.00480947 0.00348878 1.07211e-05 -6.59671e-06 
0.493064 0.0510495 0.0056833 0.00393102 1.30067e-05 -7.38424e-05 
0.492371 0.0541511 0.00583637 0.00440598 1.80525e-05 0.000175937 
0.507311 0.0574092 0.00657011 0.00449284 1.93567e-05 0.00012381 
0.491177 0.050575 0.00583649 0.00410508 1.39224e-05 -3.64229e-05 
