37
0.335689 0.012698 0.0185941 0.000206599 2.26718e-07 4.23555e-06 
0.340149 0.0118146 0.0208669 8.43866e-05 6.57596e-08 1.26557e-06 
0.330004 0.0111878 0.0182202 0.000209385 2.30679e-07 5.58347e-06 
0.456748 0.0206649 0.0519638 0.000326393 -4.43194e-07 -4.53764e-05 
0.332987 0.0100454 0.0184063 0.000139472 1.35563e-07 3.06924e-06 
0.299486 0.00683183 0.0139138 4.08599e-05 1.59449e-08 1.04324e-06 
0.318688 0.00862457 0.0162935 9.40548e-05 6.58958e-08 1.42926e-06 
0.416204 0.0191589 0.0363289 9.48111e-05 1.63545e-07 1.21492e-05 
0.374191 0.0132032 0.0274888 0.000156796 8.42627e-08 -9.29788e-07 
0.394242 0.017486 0.030387 6.78058e-05 7.69613e-08 2.97792e-06 
0.381137 0.0148184 0.0287275 0.00024479 6.15405e-07 1.97812e-05 
0.40659 0.0152718 0.0349362 0.000173687 1.81693e-07 2.22154e-06 
0.379665 0.0149081 0.0273038 0.000157719 2.78274e-07 9.37138e-06 
0.4122 0.0173852 0.0384199 0.000482306 1.96364e-06 4.16474e-05 
0.396151 0.0149874 0.0322897 0.00010227 1.69844e-07 6.99352e-06 
0.362374 0.0122119 0.0243027 7.48213e-05 2.97636e-09 -1.05289e-06 
0.359066 0.0113548 0.0238759 0.000173334 2.83535e-07 7.97493e-06 
0.407567 0.0137867 0.0352012 0.000105907 -1.94707e-07 -1.21885e-05 
0.367875 0.0140762 0.0257707 0.00022354 3.73037e-07 9.32368e-06 
0.431427 0.018362 0.0432163 0.000202573 5.63008e-07 2.51031e-05 
0.421114 0.0166313 0.039241 0.000368016 2.74362e-07 -5.73926e-06 
0.365241 0.0112284 0.0253485 0.000128103 4.99182e-08 -1.03113e-06 
0.416204 0.0191589 0.0363289 9.48111e-05 1.63545e-07 1.21492e-05 
0.374191 0.0132032 0.0274888 0.000156796 8.42627e-08 -9.29788e-07 
0.394242 0.017486 0.030387 6.78058e-05 7.69613e-08 2.97792e-06 
0.381137 0.0148184 0.0287275 0.00024479 6.15405e-07 1.97812e-05 
0.40659 0.0152718 0.0349362 0.000173687 1.81693e-07 2.22154e-06 
0.379665 0.0149081 0.0273038 0.000157719 2.78274e-07 9.37138e-06 
0.4122 0.0173852 0.0384199 0.000482306 1.96364e-06 4.16474e-05 
0.396151 0.0149874 0.0322897 0.00010227 1.69844e-07 6.99352e-06 
0.362374 0.0122119 0.0243027 7.48213e-05 2.97636e-09 -1.05289e-06 
0.359066 0.0113548 0.0238759 0.000173334 2.83535e-07 7.97493e-06 
0.407567 0.0137867 0.0352012 0.000105907 -1.94707e-07 -1.21885e-05 
0.367875 0.0140762 0.0257707 0.00022354 3.73037e-07 9.32368e-06 
0.431427 0.018362 0.0432163 0.000202573 5.63008e-07 2.51031e-05 
0.421114 0.0166313 0.039241 0.000368016 2.74362e-07 -5.73926e-06 
0.365241 0.0112284 0.0253485 0.000128103 4.99182e-08 -1.03113e-06 
