35
0.711071 0.0900109 0.000309863 0.00457261 -5.10707e-06 0.00133936 
0.614929 0.0569705 0.000204186 0.00318799 -3.36773e-08 0.000739382 
0.483499 0.0301473 0.000220628 0.000742563 -5.71378e-08 0.000125655 
0.509057 0.0321936 0.000445561 0.000638563 -3.56924e-08 0.000110196 
0.510403 0.035743 0.000266995 0.00190198 -2.20346e-07 0.000355261 
0.524161 0.0311305 0.000376069 0.00154218 -1.0224e-06 0.000267074 
0.506985 0.0319296 0.000248957 0.000569146 -1.19208e-07 0.000100928 
0.599636 0.0615353 0.000503677 0.00218788 6.96705e-07 0.00053215 
0.477193 0.0274975 0.000423244 0.000428962 -6.21698e-08 6.71587e-05 
0.506173 0.034275 0.000322764 0.000614483 -2.85234e-08 0.000105917 
0.48746 0.0287397 0.000410042 0.000529039 -8.82152e-08 8.48224e-05 
0.552195 0.0374769 0.00116507 0.000400289 -3.86214e-08 6.4327e-05 
0.532698 0.0355478 0.000621536 0.000718745 -3.25799e-07 0.000135382 
0.519851 0.029315 0.000617468 0.000654205 -3.03247e-07 0.000110467 
0.493253 0.0302234 0.000329523 0.000494309 -7.92581e-08 8.51443e-05 
0.512829 0.0291004 0.000429076 0.000630035 -1.98971e-07 0.000103061 
0.529438 0.0300998 0.00111693 0.000417348 -8.641e-08 6.53994e-05 
0.534446 0.035482 0.000595792 0.00155183 -9.42058e-07 0.000285071 
0.546405 0.0356771 0.000952339 0.000672512 2.73701e-08 0.000113194 
0.589994 0.0517122 0.00120894 0.00105267 -1.14719e-07 0.000230375 
0.535872 0.031713 0.000891798 0.000593077 -2.50611e-07 0.000101526 
0.559555 0.0399552 0.000209068 0.00174614 -1.0272e-06 0.000342881 
0.506173 0.034275 0.000322764 0.000614483 -2.85234e-08 0.000105917 
0.48746 0.0287397 0.000410042 0.000529039 -8.82152e-08 8.48224e-05 
0.552195 0.0374769 0.00116507 0.000400289 -3.86214e-08 6.4327e-05 
0.532698 0.0355478 0.000621536 0.000718745 -3.25799e-07 0.000135382 
0.519851 0.029315 0.000617468 0.000654205 -3.03247e-07 0.000110467 
0.493253 0.0302234 0.000329523 0.000494309 -7.92581e-08 8.51443e-05 
0.512829 0.0291004 0.000429076 0.000630035 -1.98971e-07 0.000103061 
0.529438 0.0300998 0.00111693 0.000417348 -8.641e-08 6.53994e-05 
0.534446 0.035482 0.000595792 0.00155183 -9.42058e-07 0.000285071 
0.546405 0.0356771 0.000952339 0.000672512 2.73701e-08 0.000113194 
0.589994 0.0517122 0.00120894 0.00105267 -1.14719e-07 0.000230375 
0.535872 0.031713 0.000891798 0.000593077 -2.50611e-07 0.000101526 
0.559555 0.0399552 0.000209068 0.00174614 -1.0272e-06 0.000342881 
