71
0.818262 0.0308763 0.0149497 0.00466182 -3.10417e-05 -0.000811968 
0.407277 0.00939322 0.000936493 0.000355651 5.86946e-08 -1.35521e-05 
0.402565 0.00748514 0.000925336 0.000340261 2.69435e-08 -1.28986e-05 
0.424409 0.0101207 0.00119396 0.000448775 -3.04918e-09 -2.62837e-05 
0.409705 0.00992861 0.00115468 0.000378475 -3.32481e-08 -2.35057e-05 
0.404783 0.00922747 0.000905165 0.000379043 7.31403e-08 -1.38417e-05 
0.611327 0.0282155 0.00614771 0.00211053 -3.18664e-06 -0.000263819 
0.467912 0.0113482 0.0024793 0.000766585 -5.41349e-07 -6.37879e-05 
0.413262 0.0109273 0.000965434 0.000345061 1.24157e-08 -1.66201e-05 
0.481406 0.0136486 0.003163 0.00153855 -3.67718e-07 -9.61159e-05 
0.453648 0.0133958 0.00141632 0.000920337 4.80148e-07 -3.23309e-05 
0.407941 0.00836546 0.000965878 0.000387112 6.20272e-08 -1.2898e-05 
0.392629 0.00869556 0.000943439 0.00035813 3.5067e-08 -1.39309e-05 
0.435299 0.0115012 0.00165269 0.000643619 4.73176e-08 -3.29641e-05 
0.422499 0.00944929 0.00136127 0.00076989 2.56074e-08 -2.9932e-05 
0.432337 0.0104817 0.00135509 0.000591632 -3.1602e-08 -3.39477e-05 
0.431707 0.00944083 0.00153224 0.000770607 -5.09774e-08 -4.36051e-05 
0.425474 0.00968662 0.00129598 0.000554396 -6.41948e-08 -3.03242e-05 
0.411915 0.00753404 0.00108966 0.000420015 4.66489e-08 -1.7543e-05 
0.415671 0.00865581 0.00111253 0.000433145 4.70712e-08 -1.89255e-05 
0.412349 0.00814776 0.00114876 0.000456942 2.58764e-08 -1.96567e-05 
0.409381 0.00814223 0.00121812 0.000405255 -3.84991e-08 -2.39661e-05 
0.447285 0.0109627 0.00150458 0.000724156 -4.99245e-08 -3.90329e-05 
0.411294 0.00937717 0.00115 0.000378401 -2.677e-08 -2.0093e-05 
0.484575 0.0154864 0.00201568 0.000807325 2.71142e-08 -5.96763e-05 
0.423395 0.0116808 0.0012736 0.000486072 6.34343e-08 -2.31289e-05 
0.417063 0.0101232 0.00119062 0.000409825 -7.5729e-09 -2.3363e-05 
0.41822 0.00900318 0.00124208 0.000477395 -4.2215e-08 -2.65067e-05 
0.41625 0.009607 0.00111568 0.000428547 3.69105e-08 -2.12046e-05 
0.426571 0.00995705 0.00153531 0.000538576 8.64769e-08 -1.92549e-05 
0.417766 0.0097882 0.0014833 0.000753124 3.54987e-07 -2.04466e-05 
0.446504 0.0161006 0.00186726 0.000885385 -1.38916e-07 -7.11423e-05 
0.412764 0.0103016 0.0013633 0.000339524 5.03667e-08 -1.30379e-05 
0.472592 0.0172162 0.00312209 0.00103249 5.90687e-07 -4.14622e-05 
0.418353 0.00856871 0.00126932 0.000395238 4.50354e-08 -1.57865e-05 
0.44863 0.0102921 0.00186909 0.000381661 -1.73877e-07 -3.2741e-05 
0.41347 0.00843928 0.00125932 0.000380938 -3.98663e-08 -2.1486e-05 
0.422238 0.00890057 0.00127874 0.000581276 1.05352e-07 -2.10139e-05 
0.430239 0.011135 0.00121264 0.00055342 7.55495e-08 -2.55434e-05 
0.43194 0.00924351 0.00133877 0.000395199 5.88361e-08 -1.78567e-05 
0.460222 0.0135864 0.00246121 0.00125543 5.51999e-07 -4.17742e-05 
0.453881 0.0108935 0.00261363 0.000925028 -5.45163e-07 -5.62521e-05 
0.435299 0.0115012 0.00165269 0.000643619 4.73176e-08 -3.29641e-05 
0.422499 0.00944929 0.00136127 0.00076989 2.56074e-08 -2.9932e-05 
0.432337 0.0104817 0.00135509 0.000591632 -3.1602e-08 -3.39477e-05 
0.431707 0.00944083 0.00153224 0.000770607 -5.09774e-08 -4.36051e-05 
0.425474 0.00968662 0.00129598 0.000554396 -6.41948e-08 -3.03242e-05 
0.411915 0.00753404 0.00108966 0.000420015 4.66489e-08 -1.7543e-05 
0.415671 0.00865581 0.00111253 0.000433145 4.70712e-08 -1.89255e-05 
0.412349 0.00814776 0.00114876 0.000456942 2.58764e-08 -1.96567e-05 
0.409381 0.00814223 0.00121812 0.000405255 -3.84991e-08 -2.39661e-05 
0.447285 0.0109627 0.00150458 0.000724156 -4.99245e-08 -3.90329e-05 
0.411294 0.00937717 0.00115 0.000378401 -2.677e-08 -2.0093e-05 
0.484575 0.0154864 0.00201568 0.000807325 2.71142e-08 -5.96763e-05 
0.423395 0.0116808 0.0012736 0.000486072 6.34343e-08 -2.31289e-05 
0.417063 0.0101232 0.00119062 0.000409825 -7.5729e-09 -2.3363e-05 
0.41822 0.00900318 0.00124208 0.000477395 -4.2215e-08 -2.65067e-05 
0.41625 0.009607 0.00111568 0.000428547 3.69105e-08 -2.12046e-05 
0.426571 0.00995705 0.00153531 0.000538576 8.64769e-08 -1.92549e-05 
0.417766 0.0097882 0.0014833 0.000753124 3.54987e-07 -2.04466e-05 
0.446504 0.0161006 0.00186726 0.000885385 -1.38916e-07 -7.11423e-05 
0.412764 0.0103016 0.0013633 0.000339524 5.03667e-08 -1.30379e-05 
0.472592 0.0172162 0.00312209 0.00103249 5.90687e-07 -4.14622e-05 
0.418353 0.00856871 0.00126932 0.000395238 4.50354e-08 -1.57865e-05 
0.44863 0.0102921 0.00186909 0.000381661 -1.73877e-07 -3.2741e-05 
0.41347 0.00843928 0.00125932 0.000380938 -3.98663e-08 -2.1486e-05 
0.422238 0.00890057 0.00127874 0.000581276 1.05352e-07 -2.10139e-05 
0.430239 0.011135 0.00121264 0.00055342 7.55495e-08 -2.55434e-05 
0.43194 0.00924351 0.00133877 0.000395199 5.88361e-08 -1.78567e-05 
0.460222 0.0135864 0.00246121 0.00125543 5.51999e-07 -4.17742e-05 
0.453881 0.0108935 0.00261363 0.000925028 -5.45163e-07 -5.62521e-05 
