40
0.543639 0.0688333 0.104956 0.0110155 0.000144193 0.00208788 
0.554826 0.0721523 0.116431 0.0152311 0.000321624 0.00337411 
0.539186 0.0679826 0.107553 0.0139744 0.000289472 0.00290696 
0.522639 0.0574989 0.102669 0.0146228 0.0003103 0.00270629 
0.782892 0.109965 0.359257 0.0432732 0.00154022 0.00949926 
0.542705 0.0666412 0.106154 0.0124788 0.000214999 0.0024594 
0.617589 0.0960192 0.165247 0.0258379 0.000961439 0.00635678 
0.545093 0.0697871 0.107885 0.0128016 0.000221432 0.00260455 
0.729404 0.0996252 0.288549 0.0288282 0.000845458 0.00557687 
0.548636 0.0589266 0.114158 0.0132551 0.000236435 0.00256063
0.581843 0.0775343 0.132752 0.015018 0.000251742 0.00286411 
0.61925 0.0871891 0.154468 0.0141204 7.36419e-05 0.00226825 
0.811464 0.135905 0.4068 0.0551735 0.00483662 0.0163101 
0.716836 0.107427 0.2606 0.0278025 0.000922999 0.00619574 
0.641189 0.0927227 0.18867 0.026216 0.00101508 0.00615777 
0.688283 0.111843 0.212162 0.0205144 0.000283093 0.00401493 
0.594002 0.0768685 0.140199 0.0138211 0.00017385 0.00255868 
0.769515 0.134378 0.300381 0.0301283 0.000224599 0.00582746 
0.630082 0.0960657 0.161542 0.0171686 0.00032556 0.00390636 
0.693321 0.109065 0.23435 0.0261303 0.00048634 0.00522335 
0.676954 0.0903091 0.239954 0.0281681 0.00111617 0.00608542 
0.612083 0.087066 0.152894 0.0173886 0.000408888 0.00397087 
0.821752 0.1576 0.398802 0.0515417 0.00363037 0.0161164 
0.642476 0.0951487 0.178566 0.0194812 0.000447087 0.00421631 
0.665205 0.104977 0.18696 0.0171631 -6.62594e-05 0.00267131 
0.581843 0.0775343 0.132752 0.015018 0.000251742 0.00286411 
0.61925 0.0871891 0.154468 0.0141204 7.36419e-05 0.00226825 
0.811464 0.135905 0.4068 0.0551735 0.00483662 0.0163101 
0.716836 0.107427 0.2606 0.0278025 0.000922999 0.00619574 
0.641189 0.0927227 0.18867 0.026216 0.00101508 0.00615777 
0.688283 0.111843 0.212162 0.0205144 0.000283093 0.00401493 
0.594002 0.0768685 0.140199 0.0138211 0.00017385 0.00255868 
0.769515 0.134378 0.300381 0.0301283 0.000224599 0.00582746 
0.630082 0.0960657 0.161542 0.0171686 0.00032556 0.00390636 
0.693321 0.109065 0.23435 0.0261303 0.00048634 0.00522335 
0.676954 0.0903091 0.239954 0.0281681 0.00111617 0.00608542 
0.612083 0.087066 0.152894 0.0173886 0.000408888 0.00397087 
0.821752 0.1576 0.398802 0.0515417 0.00363037 0.0161164 
0.642476 0.0951487 0.178566 0.0194812 0.000447087 0.00421631 
0.665205 0.104977 0.18696 0.0171631 -6.62594e-05 0.00267131 
