40
0.352496 0.0110449 0.00103189 1.32238e-05 -1.50646e-09 1.36866e-06 
0.424211 0.0160118 0.00192501 8.31235e-05 -3.25367e-08 1.00987e-05 
0.412825 0.0170881 0.00196016 0.000147191 -7.83914e-08 1.92109e-05 
0.363146 0.0122655 0.00116325 1.64491e-05 -2.12628e-09 1.75545e-06 
0.371862 0.0094938 0.00155227 4.49531e-05 -1.16553e-08 4.37463e-06 
0.492975 0.0245262 0.00228079 0.000433421 -4.22687e-07 6.77481e-05 
0.477202 0.0253839 0.00293747 4.24022e-05 -6.3405e-09 4.62144e-06 
0.400027 0.0048552 0.00154499 0.000135475 -6.01319e-08 9.3246e-06 
0.367489 0.0125813 0.00119321 1.6657e-05 -2.28975e-09 1.83064e-06 
0.365154 0.0123724 0.00112583 1.28421e-05 -1.52685e-09 1.4184e-06 
0.361763 0.0126722 0.000981751 2.70885e-05 -3.91767e-09 2.86957e-06 
0.363939 0.0119386 0.0011561 2.42469e-05 -3.40921e-09 2.40111e-06 
0.373301 0.0137056 0.0010623 6.28146e-05 -1.60835e-08 7.32041e-06 
0.367603 0.0121802 0.00124214 1.71332e-05 -2.04996e-09 1.7577e-06 
0.375622 0.0119363 0.00128828 4.14736e-05 -9.55717e-09 4.52298e-06 
0.394507 0.0126058 0.00152207 2.86717e-05 -5.98956e-09 3.21755e-06 
0.361045 0.0117892 0.000957735 1.85665e-05 -2.25667e-09 1.94807e-06 
0.372464 0.0135086 0.00117011 3.43578e-05 -6.78471e-09 3.98943e-06 
0.38659 0.0120125 0.0015643 3.60729e-05 -2.60845e-09 2.75849e-06 
0.364308 0.0119626 0.00116688 3.00722e-05 -5.53272e-09 3.24447e-06 
0.384078 0.0136698 0.00138246 5.22683e-06 -4.32089e-10 5.99358e-07 
0.393623 0.015007 0.00165795 2.82345e-05 -5.67958e-09 3.41636e-06 
0.37393 0.0112531 0.00145108 1.67376e-05 -2.60658e-09 1.77552e-06 
0.386915 0.0144595 0.00165388 7.36681e-05 -2.51813e-08 8.81073e-06 
0.379167 0.0114761 0.00154103 7.27886e-05 -2.03637e-08 7.18281e-06 
0.361763 0.0126722 0.000981751 2.70885e-05 -3.91767e-09 2.86957e-06 
0.363939 0.0119386 0.0011561 2.42469e-05 -3.40921e-09 2.40111e-06 
0.373301 0.0137056 0.0010623 6.28146e-05 -1.60835e-08 7.32041e-06 
0.367603 0.0121802 0.00124214 1.71332e-05 -2.04996e-09 1.7577e-06 
0.375622 0.0119363 0.00128828 4.14736e-05 -9.55717e-09 4.52298e-06 
0.394507 0.0126058 0.00152207 2.86717e-05 -5.98956e-09 3.21755e-06 
0.361045 0.0117892 0.000957735 1.85665e-05 -2.25667e-09 1.94807e-06 
0.372464 0.0135086 0.00117011 3.43578e-05 -6.78471e-09 3.98943e-06 
0.38659 0.0120125 0.0015643 3.60729e-05 -2.60845e-09 2.75849e-06 
0.364308 0.0119626 0.00116688 3.00722e-05 -5.53272e-09 3.24447e-06 
0.384078 0.0136698 0.00138246 5.22683e-06 -4.32089e-10 5.99358e-07 
0.393623 0.015007 0.00165795 2.82345e-05 -5.67958e-09 3.41636e-06 
0.37393 0.0112531 0.00145108 1.67376e-05 -2.60658e-09 1.77552e-06 
0.386915 0.0144595 0.00165388 7.36681e-05 -2.51813e-08 8.81073e-06 
0.379167 0.0114761 0.00154103 7.27886e-05 -2.03637e-08 7.18281e-06 
