26
0.389531 0.0237597 0.034315 0.000219567 5.19165e-07 3.11792e-05 
0.38219 0.0200431 0.0335332 1.86824e-05 -1.31546e-08 -5.53371e-07 
0.41285 0.0272942 0.0405955 0.000279454 6.85402e-07 3.81528e-05 
0.402828 0.0250653 0.0374244 0.000149291 3.17326e-07 2.23657e-05 
0.378454 0.0211597 0.0313542 0.000144058 2.56662e-07 1.89498e-05 
0.485511 0.037616 0.0688252 0.000435292 2.37892e-06 8.2904e-05 
0.350997 0.0187428 0.0241722 2.14036e-05 9.64952e-10 1.43774e-06 
0.396616 0.0239152 0.0356035 3.15972e-05 -1.89611e-08 9.49517e-08 
0.416514 0.0251752 0.043528 0.000216817 3.55802e-07 2.43407e-05 
0.398984 0.0221505 0.0357894 5.41203e-05 -9.38475e-09 2.26127e-06 
0.440491 0.0278176 0.0530575 0.000401939 9.62829e-07 4.55926e-05 
0.433098 0.0269128 0.0450392 1.22824e-05 5.45819e-09 1.71195e-06 
0.424986 0.023378 0.0457934 4.03694e-05 4.35715e-08 5.25745e-06 
0.394178 0.0239169 0.0347684 0.000110516 9.27157e-08 1.16485e-05 
0.391933 0.0231702 0.0341387 0.000147908 2.04615e-07 1.70618e-05 
0.463558 0.0359034 0.0530215 9.29775e-06 5.47877e-09 1.53517e-06 
0.397509 0.0219206 0.0362846 8.85974e-05 1.0795e-07 1.03006e-05 
0.416514 0.0251752 0.043528 0.000216817 3.55802e-07 2.43407e-05 
0.398984 0.0221505 0.0357894 5.41203e-05 -9.38475e-09 2.26127e-06 
0.440491 0.0278176 0.0530575 0.000401939 9.62829e-07 4.55926e-05 
0.433098 0.0269128 0.0450392 1.22824e-05 5.45819e-09 1.71195e-06 
0.424986 0.023378 0.0457934 4.03694e-05 4.35715e-08 5.25745e-06 
0.394178 0.0239169 0.0347684 0.000110516 9.27157e-08 1.16485e-05 
0.391933 0.0231702 0.0341387 0.000147908 2.04615e-07 1.70618e-05 
0.463558 0.0359034 0.0530215 9.29775e-06 5.47877e-09 1.53517e-06 
0.397509 0.0219206 0.0362846 8.85974e-05 1.0795e-07 1.03006e-05 
