149
0.202597 0.000618572 0.0042444 9.54828e-06 -1.34837e-09 -1.6301e-07 
0.201709 0.000483399 0.00429673 9.21128e-06 -1.18239e-09 -1.82095e-07 
0.194678 6.72865e-05 0.00197329 1.49025e-06 -7.99437e-11 -1.15729e-08 
0.195896 1.44992e-05 0.00196822 1.03073e-06 -3.92379e-11 -3.83616e-09 
0.196489 2.84876e-05 0.00195088 1.84792e-06 -1.06172e-10 -9.84889e-09 
0.190333 4.96366e-05 0.0018836 6.01241e-07 -7.21381e-12 -1.4867e-09 
0.191047 0.000106249 0.00192622 2.26603e-06 -7.43505e-11 -2.25335e-08 
0.204116 0.000852283 0.00426308 9.56392e-06 -1.76281e-09 -2.74059e-07 
0.203808 0.000774791 0.00427308 1.22837e-05 -2.45838e-09 -3.1781e-07 
0.196623 4.09144e-05 0.00195112 1.40754e-06 -6.87795e-11 -8.70517e-09 
0.197748 0.000413918 0.0037586 5.9565e-06 -1.86262e-10 -8.31025e-08 
0.190984 0.000187515 0.00192057 6.21945e-06 6.48215e-10 7.57516e-08 
0.194718 1.31763e-05 0.0018521 1.17308e-06 -5.41606e-11 -4.25734e-09 
0.195716 2.74484e-05 0.00199924 1.19918e-06 -5.62761e-11 -6.06066e-09 
0.195338 0.000155073 0.00202579 7.3381e-06 -8.93685e-10 -9.04158e-08 
0.197484 9.03926e-06 0.00195522 1.77034e-06 -1.02531e-10 -5.15705e-09 
0.196848 4.21735e-05 0.00210804 1.51775e-06 -8.28762e-11 -9.61059e-09 
0.200805 0.000753709 0.00391112 1.35021e-05 -3.0608e-09 -3.55566e-07 
0.200187 0.0006209 0.00405219 6.84949e-06 -5.64146e-10 -1.10587e-07 
0.208101 0.000496008 0.00503015 1.16213e-05 -4.44895e-10 -1.23263e-07 
0.195433 3.13662e-05 0.00202381 1.43934e-06 -4.39266e-11 -5.25771e-09 
0.196546 1.62716e-05 0.00202303 9.84103e-07 -4.31087e-11 -3.70001e-09 
0.197875 1.55087e-05 0.00203963 1.4851e-06 -8.05824e-11 -5.8025e-09 
0.202559 0.000339586 0.00414684 6.80278e-06 -1.1895e-10 -4.86624e-08 
0.20119 0.00056279 0.00387361 4.75287e-06 -5.30038e-10 -8.77199e-08 
0.197844 0.000752695 0.00379017 1.16197e-05 -2.29138e-09 -3.06084e-07 
0.201562 0.000966829 0.00398274 1.72558e-05 -2.51141e-09 -3.31918e-07 
0.194585 1.20414e-05 0.00180606 1.3633e-06 -4.98671e-11 -3.29819e-09 
0.198079 1.88514e-05 0.00200417 1.55651e-06 -8.64294e-11 -6.7075e-09 
0.195214 0.000100995 0.00193461 3.08376e-06 -1.8213e-10 -2.46195e-08 
0.200621 3.0317e-05 0.00249772 2.55655e-06 -1.50448e-10 -8.14356e-09 
0.201503 0.00059775 0.00400728 7.47981e-06 -1.2928e-09 -1.82852e-07 
0.194442 9.7344e-05 0.00213705 5.61916e-07 -1.57004e-12 -3.00579e-09 
0.196014 3.1428e-05 0.00214545 1.6305e-06 -4.42166e-11 -1.59164e-09 
0.197247 5.08763e-05 0.00246886 1.11184e-06 -5.00038e-11 -7.48395e-09 
0.194358 0.000120725 0.00196963 1.18661e-06 -5.7351e-11 -1.30358e-08 
0.198494 5.47568e-05 0.0022952 1.92607e-06 -1.07004e-10 -1.25864e-08 
0.196627 6.16311e-05 0.00218445 1.28157e-06 -3.66876e-11 -6.97856e-09 
0.194861 6.68861e-05 0.00213327 1.51179e-06 -7.48998e-11 -1.12131e-08 
0.197364 5.75589e-05 0.00199669 1.79369e-06 -1.06713e-10 -1.32988e-08 
0.196309 3.77707e-05 0.00217026 2.73083e-07 -3.55035e-12 -1.16392e-09 
0.196433 5.90838e-05 0.00215664 1.80113e-06 -9.72196e-11 -1.21304e-08 
0.198797 4.10175e-05 0.00215812 2.2965e-06 -7.44678e-11 -4.62189e-09 
0.19648 6.43434e-05 0.00204894 2.99914e-06 -2.24356e-10 -2.2488e-08 
0.192798 7.83365e-05 0.00212376 1.88813e-06 -5.89851e-11 -8.82676e-09 
0.197339 6.05522e-05 0.00206854 1.86546e-06 -1.15794e-10 -1.45158e-08 
0.1936 8.53619e-05 0.00213898 1.35338e-06 -1.36298e-11 -1.12171e-09 
0.195856 6.9637e-05 0.00202841 1.9153e-06 -1.18425e-10 -1.58468e-08 
0.195286 3.15423e-05 0.0020924 5.18431e-07 -1.62211e-11 -2.69808e-09 
0.204727 0.000538327 0.00435919 9.21333e-06 -1.81339e-09 -2.08256e-07 
0.197748 3.4038e-05 0.00224088 2.3766e-06 -1.71704e-10 -1.38395e-08 
0.193581 5.01701e-05 0.00201463 4.2365e-07 -1.23426e-11 -2.99156e-09 
0.19741 7.79038e-05 0.00225762 2.2987e-06 -1.49186e-10 -1.82858e-08 
0.197414 0.000124158 0.00237365 2.618e-06 -1.87991e-10 -2.82113e-08 
0.1971 0.000307047 0.00379614 8.12274e-06 -8.38778e-10 -1.03993e-07 
0.195431 1.52414e-05 0.00208118 1.50683e-06 -6.96918e-11 -2.2286e-09 
0.196856 0.000124168 0.00235439 4.5092e-06 -1.08967e-11 -1.95726e-08 
0.197099 2.40027e-05 0.00215586 1.4814e-06 -7.99939e-11 -6.32533e-09 
0.196455 3.45049e-05 0.00201977 1.80413e-06 -1.04314e-10 -1.03573e-08 
0.197948 4.33424e-05 0.00234679 2.00903e-06 -1.3546e-10 -1.31927e-08 
0.198671 3.32304e-05 0.0021889 1.79833e-06 -1.0534e-10 -9.76407e-09 
0.19538 4.97939e-05 0.00196949 2.17972e-06 -1.36179e-10 -1.43883e-08 
0.199554 0.000566236 0.00396869 1.0332e-05 -1.11016e-09 -1.51301e-07 
0.196361 4.51494e-05 0.00199167 1.74424e-06 -9.62677e-11 -1.12894e-08 
0.198623 5.15888e-05 0.00221215 1.99061e-06 -1.30256e-10 -1.33444e-08 
0.192623 0.000125488 0.00215119 6.16779e-07 -2.22772e-11 -6.90673e-09 
0.194922 1.56476e-05 0.00193008 8.80088e-07 -3.35369e-11 -3.12373e-09 
0.201896 0.000481297 0.00404305 1.19332e-05 -2.38644e-09 -2.58797e-07 
0.196327 1.96353e-05 0.00212069 1.51282e-06 -7.12676e-11 -5.71528e-09 
0.199711 8.42614e-05 0.00222889 5.37157e-06 -5.22924e-10 -4.15832e-08 
0.199218 0.000642605 0.0037965 7.46289e-06 -9.44776e-10 -1.5307e-07 
0.19585 5.40956e-05 0.00212302 2.0981e-06 -1.10348e-10 -1.35742e-08 
0.20538 0.000325639 0.00467559 3.54761e-06 -4.30409e-10 -5.66759e-08 
0.200834 9.717e-05 0.00270299 1.69856e-06 -7.74163e-11 -1.34873e-08 
0.204776 0.000334251 0.00442801 4.97704e-06 -6.27081e-10 -8.08881e-08 
0.19324 6.60183e-05 0.00198002 3.35414e-06 -2.30698e-10 -2.48588e-08 
0.203762 0.000673183 0.00433696 7.68825e-06 -1.141e-09 -1.80053e-07 
0.194866 6.40391e-05 0.00203655 2.31664e-06 -1.48911e-10 -1.8526e-08 
0.196211 0.000107317 0.00232381 3.11138e-06 -2.04134e-10 -2.8e-08 
0.196761 5.29664e-05 0.00203527 1.8492e-06 -1.13441e-10 -1.34473e-08 
0.193467 4.53949e-05 0.00201852 1.03013e-06 -3.03276e-11 -5.32491e-09 
0.194595 8.03483e-05 0.00214298 1.60645e-06 -4.52904e-11 -8.76433e-09 
0.204354 0.000470809 0.004295 7.84724e-06 -1.38963e-09 -1.67572e-07 
0.195066 0.0001356 0.00223655 1.55334e-06 -7.42128e-11 -1.58363e-08 
0.194843 5.10379e-05 0.00208203 7.71746e-07 -3.0353e-11 -5.51076e-09 
0.198374 7.75148e-05 0.00222704 2.46522e-06 -1.74061e-10 -2.16095e-08 
0.19693 0.000497494 0.00374271 9.0482e-06 -1.06e-09 -1.49805e-07 
0.197023 5.48913e-05 0.00230722 1.84741e-06 -1.20568e-10 -1.36227e-08 
0.200598 0.00069588 0.00402214 1.30247e-05 -2.73772e-09 -3.12076e-07 
0.200621 3.0317e-05 0.00249772 2.55655e-06 -1.50448e-10 -8.14356e-09 
0.201503 0.00059775 0.00400728 7.47981e-06 -1.2928e-09 -1.82852e-07 
0.194442 9.7344e-05 0.00213705 5.61916e-07 -1.57004e-12 -3.00579e-09 
0.196014 3.1428e-05 0.00214545 1.6305e-06 -4.42166e-11 -1.59164e-09 
0.197247 5.08763e-05 0.00246886 1.11184e-06 -5.00038e-11 -7.48395e-09 
0.194358 0.000120725 0.00196963 1.18661e-06 -5.7351e-11 -1.30358e-08 
0.198494 5.47568e-05 0.0022952 1.92607e-06 -1.07004e-10 -1.25864e-08 
0.196627 6.16311e-05 0.00218445 1.28157e-06 -3.66876e-11 -6.97856e-09 
0.194861 6.68861e-05 0.00213327 1.51179e-06 -7.48998e-11 -1.12131e-08 
0.197364 5.75589e-05 0.00199669 1.79369e-06 -1.06713e-10 -1.32988e-08 
0.196309 3.77707e-05 0.00217026 2.73083e-07 -3.55035e-12 -1.16392e-09 
0.196433 5.90838e-05 0.00215664 1.80113e-06 -9.72196e-11 -1.21304e-08 
0.198797 4.10175e-05 0.00215812 2.2965e-06 -7.44678e-11 -4.62189e-09 
0.19648 6.43434e-05 0.00204894 2.99914e-06 -2.24356e-10 -2.2488e-08 
0.192798 7.83365e-05 0.00212376 1.88813e-06 -5.89851e-11 -8.82676e-09 
0.197339 6.05522e-05 0.00206854 1.86546e-06 -1.15794e-10 -1.45158e-08 
0.1936 8.53619e-05 0.00213898 1.35338e-06 -1.36298e-11 -1.12171e-09 
0.195856 6.9637e-05 0.00202841 1.9153e-06 -1.18425e-10 -1.58468e-08 
0.195286 3.15423e-05 0.0020924 5.18431e-07 -1.62211e-11 -2.69808e-09 
0.204727 0.000538327 0.00435919 9.21333e-06 -1.81339e-09 -2.08256e-07 
0.197748 3.4038e-05 0.00224088 2.3766e-06 -1.71704e-10 -1.38395e-08 
0.193581 5.01701e-05 0.00201463 4.2365e-07 -1.23426e-11 -2.99156e-09 
0.19741 7.79038e-05 0.00225762 2.2987e-06 -1.49186e-10 -1.82858e-08 
0.197414 0.000124158 0.00237365 2.618e-06 -1.87991e-10 -2.82113e-08 
0.1971 0.000307047 0.00379614 8.12274e-06 -8.38778e-10 -1.03993e-07 
0.195431 1.52414e-05 0.00208118 1.50683e-06 -6.96918e-11 -2.2286e-09 
0.196856 0.000124168 0.00235439 4.5092e-06 -1.08967e-11 -1.95726e-08 
0.197099 2.40027e-05 0.00215586 1.4814e-06 -7.99939e-11 -6.32533e-09 
0.196455 3.45049e-05 0.00201977 1.80413e-06 -1.04314e-10 -1.03573e-08 
0.739072 0.519687 7.25382e-06 9.5205e-07 -8.62879e-13 -3.74721e-07 
0.197948 4.33424e-05 0.00234679 2.00903e-06 -1.3546e-10 -1.31927e-08 
0.198671 3.32304e-05 0.0021889 1.79833e-06 -1.0534e-10 -9.76407e-09 
0.19538 4.97939e-05 0.00196949 2.17972e-06 -1.36179e-10 -1.43883e-08 
0.199554 0.000566236 0.00396869 1.0332e-05 -1.11016e-09 -1.51301e-07 
0.196361 4.51494e-05 0.00199167 1.74424e-06 -9.62677e-11 -1.12894e-08 
0.198623 5.15888e-05 0.00221215 1.99061e-06 -1.30256e-10 -1.33444e-08 
0.192623 0.000125488 0.00215119 6.16779e-07 -2.22772e-11 -6.90673e-09 
0.194922 1.56476e-05 0.00193008 8.80088e-07 -3.35369e-11 -3.12373e-09 
0.201896 0.000481297 0.00404305 1.19332e-05 -2.38644e-09 -2.58797e-07 
0.196327 1.96353e-05 0.00212069 1.51282e-06 -7.12676e-11 -5.71528e-09 
0.199711 8.42614e-05 0.00222889 5.37157e-06 -5.22924e-10 -4.15832e-08 
0.199218 0.000642605 0.0037965 7.46289e-06 -9.44776e-10 -1.5307e-07 
0.19585 5.40956e-05 0.00212302 2.0981e-06 -1.10348e-10 -1.35742e-08 
0.20538 0.000325639 0.00467559 3.54761e-06 -4.30409e-10 -5.66759e-08 
0.200834 9.717e-05 0.00270299 1.69856e-06 -7.74163e-11 -1.34873e-08 
0.204776 0.000334251 0.00442801 4.97704e-06 -6.27081e-10 -8.08881e-08 
0.19324 6.60183e-05 0.00198002 3.35414e-06 -2.30698e-10 -2.48588e-08 
0.203762 0.000673183 0.00433696 7.68825e-06 -1.141e-09 -1.80053e-07 
0.194866 6.40391e-05 0.00203655 2.31664e-06 -1.48911e-10 -1.8526e-08 
0.196211 0.000107317 0.00232381 3.11138e-06 -2.04134e-10 -2.8e-08 
0.196761 5.29664e-05 0.00203527 1.8492e-06 -1.13441e-10 -1.34473e-08 
0.193467 4.53949e-05 0.00201852 1.03013e-06 -3.03276e-11 -5.32491e-09 
0.194595 8.03483e-05 0.00214298 1.60645e-06 -4.52904e-11 -8.76433e-09 
0.204354 0.000470809 0.004295 7.84724e-06 -1.38963e-09 -1.67572e-07 
0.195066 0.0001356 0.00223655 1.55334e-06 -7.42128e-11 -1.58363e-08 
0.194843 5.10379e-05 0.00208203 7.71746e-07 -3.0353e-11 -5.51076e-09 
0.198374 7.75148e-05 0.00222704 2.46522e-06 -1.74061e-10 -2.16095e-08 
0.19693 0.000497494 0.00374271 9.0482e-06 -1.06e-09 -1.49805e-07 
0.197023 5.48913e-05 0.00230722 1.84741e-06 -1.20568e-10 -1.36227e-08 
0.200598 0.00069588 0.00402214 1.30247e-05 -2.73772e-09 -3.12076e-07 
