48
0.180568 0.00334068 7.89716e-08 1.4984e-08 4.50439e-16 8.6533e-10 
0.180038 0.00303214 4.39297e-07 7.64147e-10 -9.14558e-18 -8.37656e-12 
0.180807 0.00331173 9.32388e-07 6.81682e-09 -5.41316e-16 2.09956e-10 
0.179332 0.00289162 2.65876e-07 2.56948e-08 1.50856e-15 1.3129e-09 
0.172741 0.00111453 1.06254e-06 3.2644e-08 4.47834e-15 1.08254e-09 
0.180475 0.00332652 6.29567e-07 1.24251e-08 6.27802e-16 6.98526e-10 
0.180595 0.00328178 3.13208e-07 8.68857e-09 4.52643e-16 4.23999e-10 
0.178013 0.00297998 8.14984e-07 1.87131e-07 -4.83672e-14 4.0966e-09 
0.176358 0.00258995 7.29856e-06 6.15006e-07 -1.73852e-13 2.12622e-08 
0.175263 0.00255081 1.62505e-06 1.20049e-07 2.47541e-14 5.90366e-09 
0.18034 0.00336098 7.33559e-07 5.44895e-08 1.08768e-14 2.75321e-09 
0.1755 0.00255002 1.05751e-06 1.00044e-08 1.02703e-15 -5.00185e-10 
0.178105 0.00282732 5.30162e-07 9.32114e-08 4.45486e-15 -4.63673e-09 
0.178105 0.00277502 2.97349e-07 9.65063e-08 -1.56263e-14 4.84641e-09 
0.18033 0.00328544 1.70587e-06 1.79186e-08 -3.44795e-16 1.00286e-09 
0.179905 0.00311026 3.1664e-07 4.30981e-08 3.05695e-15 2.31968e-09 
0.17816 0.00292236 3.77477e-06 2.07133e-07 -1.42644e-13 7.67105e-09 
0.177206 0.00244539 3.3787e-06 2.14706e-07 -1.32731e-13 8.07206e-09 
0.176279 0.00229842 1.80419e-06 7.15648e-09 2.16695e-18 2.84513e-10 
0.174975 0.00193653 9.82036e-07 1.58686e-07 3.24185e-14 6.28519e-09 
0.18054 0.00317391 3.99729e-07 4.67555e-10 1.63494e-18 -1.72494e-12 
0.180296 0.00328643 1.07076e-07 5.64599e-09 -3.46638e-17 -2.13386e-10 
0.174776 0.00229201 2.10174e-06 3.14315e-09 -1.67306e-16 1.4942e-10 
0.180045 0.00317 5.02332e-08 2.26013e-09 4.96496e-18 -5.76234e-11 
0.180554 0.00329669 4.68906e-07 6.35742e-09 -3.04573e-16 2.18792e-10 
0.179988 0.00309581 4.70062e-07 6.05764e-08 7.55918e-15 3.36335e-09 
0.177455 0.0026238 1.7732e-06 5.24641e-08 1.53477e-14 2.1504e-09 
0.179217 0.00295277 4.1323e-07 8.37244e-09 2.754e-16 4.54308e-10 
0.180594 0.00342944 5.1904e-07 1.58503e-07 4.52786e-14 8.9869e-09 
0.179914 0.00313399 4.84243e-07 1.80665e-07 5.18336e-14 9.83478e-09 
0.181353 0.00360032 4.77258e-06 7.98451e-07 1.49349e-12 4.79065e-08 
0.179026 0.00290263 5.29017e-06 9.3102e-09 5.15653e-16 -1.40679e-10 
0.179385 0.00263581 1.82306e-06 2.3713e-07 1.38215e-13 1.20577e-08 
0.179401 0.00291067 1.89042e-07 3.7146e-08 3.07138e-15 1.75281e-09 
0.177158 0.0025778 2.52194e-06 4.42004e-07 4.25631e-13 2.03581e-08 
0.17924 0.00318606 6.1977e-07 1.01178e-07 2.00129e-14 5.12692e-09 
0.178466 0.00281752 1.50381e-07 3.05013e-09 1.11716e-17 1.77395e-11 
0.177455 0.0026238 1.7732e-06 5.24641e-08 1.53477e-14 2.1504e-09 
0.179217 0.00295277 4.1323e-07 8.37244e-09 2.754e-16 4.54308e-10 
0.180594 0.00342944 5.1904e-07 1.58503e-07 4.52786e-14 8.9869e-09 
0.179914 0.00313399 4.84243e-07 1.80665e-07 5.18336e-14 9.83478e-09 
0.181353 0.00360032 4.77258e-06 7.98451e-07 1.49349e-12 4.79065e-08 
0.179026 0.00290263 5.29017e-06 9.3102e-09 5.15653e-16 -1.40679e-10 
0.179385 0.00263581 1.82306e-06 2.3713e-07 1.38215e-13 1.20577e-08 
0.179401 0.00291067 1.89042e-07 3.7146e-08 3.07138e-15 1.75281e-09 
0.177158 0.0025778 2.52194e-06 4.42004e-07 4.25631e-13 2.03581e-08 
0.17924 0.00318606 6.1977e-07 1.01178e-07 2.00129e-14 5.12692e-09 
0.178466 0.00281752 1.50381e-07 3.05013e-09 1.11716e-17 1.77395e-11 
