139
0.177965 0.000288079 0.0018512 1.53982e-06 8.05374e-12 9.68759e-09 
0.179571 0.000395345 0.00194104 3.80999e-06 -3.24812e-10 -7.34408e-08 
0.176513 0.000369309 0.0016636 6.34185e-06 6.44022e-10 1.20774e-07 
0.176662 0.000416104 0.00165097 6.18787e-06 6.22043e-10 1.25584e-07 
0.175551 0.000301826 0.00159927 4.02856e-06 2.6492e-10 6.44629e-08 
0.176072 0.000323097 0.00157296 2.70671e-06 1.40286e-10 4.09858e-08 
0.178377 7.54492e-05 0.00185963 4.39551e-07 1.19651e-11 -1.23646e-09 
0.176659 0.000156289 0.00162212 3.43573e-07 -8.02615e-12 -2.62917e-09 
0.175518 0.000327105 0.0016014 3.85143e-06 2.60216e-10 6.08944e-08 
0.176416 0.000472349 0.00160966 6.66126e-06 6.89647e-10 1.44753e-07 
0.175914 0.000297088 0.00163091 4.74726e-06 4.17378e-10 8.18116e-08 
0.176473 0.000344336 0.00164907 5.14157e-06 4.63292e-10 9.32391e-08 
0.176417 0.000435547 0.00162594 6.42642e-06 6.54619e-10 1.33377e-07 
0.176534 0.000401872 0.00163348 5.52644e-06 5.16765e-10 1.09169e-07 
0.177057 0.000234998 0.001673 6.93541e-07 -1.43619e-11 -1.12671e-09 
0.177058 0.000483992 0.00168603 7.14678e-06 7.54423e-10 1.5136e-07 
0.176419 0.000389144 0.00163759 6.28907e-06 6.37834e-10 1.23981e-07 
0.176117 0.000343976 0.00161171 5.04377e-06 4.54092e-10 9.33836e-08 
0.176534 0.000343607 0.0016728 5.13985e-06 4.76048e-10 9.52179e-08 
0.176041 0.000342306 0.00162454 6.02735e-06 5.96422e-10 1.11491e-07 
0.176232 0.000339508 0.00164971 4.79786e-06 3.76827e-10 7.59353e-08 
0.176727 0.000288111 0.00165857 1.93452e-06 1.07525e-10 3.228e-08 
0.176272 0.000329728 0.00164335 3.6314e-06 2.7966e-10 6.57273e-08 
0.177933 0.000329819 0.00181613 1.8735e-06 8.24571e-11 2.97364e-08 
0.177018 0.000373252 0.0017222 3.21892e-06 8.84647e-11 3.46289e-08 
0.176464 0.000217922 0.00169038 2.24433e-06 1.10712e-10 2.58662e-08 
0.176601 0.000346045 0.00165175 4.07501e-06 2.9876e-10 6.98192e-08 
0.176641 0.000379323 0.00166933 4.7391e-06 4.14154e-10 9.11799e-08 
0.176825 0.000319484 0.00169923 3.51483e-06 2.62963e-10 6.11373e-08 
0.177522 0.000488154 0.00167784 4.78971e-06 4.28354e-10 1.05696e-07 
0.179113 0.000252823 0.00192971 3.23325e-06 2.3903e-10 4.78703e-08 
0.176295 0.000353194 0.00162455 4.81481e-06 4.13516e-10 8.91978e-08 
0.178057 0.000426967 0.00181902 3.98085e-06 3.03694e-10 7.74175e-08 
0.176694 0.000350841 0.00168411 4.30433e-06 3.39782e-10 7.61504e-08 
0.177049 0.000290061 0.00176009 3.35971e-06 2.47599e-10 5.59712e-08 
0.177637 0.000422348 0.00174758 5.17745e-06 4.27642e-10 9.35047e-08 
0.176741 0.000244478 0.00169829 1.9e-06 1.07443e-10 2.96642e-08 
0.1763 0.000261 0.0016424 2.92145e-06 1.67163e-10 4.04025e-08 
0.177423 0.000324451 0.00172934 2.89674e-06 2.04262e-10 5.20087e-08 
0.176475 0.000188546 0.00166897 1.74233e-06 -2.419e-11 -3.11225e-09 
0.178428 0.000291805 0.0018757 3.35797e-06 -2.556e-10 -5.59495e-08 
0.176503 0.000201488 0.00162865 1.4323e-06 6.93448e-12 6.41664e-09 
0.176656 0.000293363 0.00168133 3.72308e-06 2.93985e-10 6.36663e-08 
0.178303 0.000361989 0.00185536 2.22638e-06 -1.03271e-10 -1.4076e-08 
0.176085 0.000275106 0.00161594 3.16937e-06 2.25975e-10 5.21845e-08 
0.177549 0.000392972 0.00176538 5.39247e-06 4.08975e-10 8.42618e-08 
0.177259 0.000462091 0.00169835 6.04212e-06 4.98988e-10 1.07396e-07 
0.176891 0.000234295 0.00176657 3.00471e-06 2.16885e-10 4.51396e-08 
0.177285 0.000406943 0.00173014 5.31048e-06 5.04975e-10 1.06529e-07 
0.178084 0.000315381 0.0018164 2.98931e-06 1.98267e-10 4.81158e-08 
0.177422 0.000368059 0.00173254 3.53246e-06 2.10615e-10 5.54521e-08 
0.17649 0.000259759 0.00167539 3.21257e-06 2.17782e-10 4.98012e-08 
0.176463 0.000274862 0.00168967 3.80799e-06 3.02342e-10 6.29907e-08 
0.176907 0.000342472 0.00167946 4.28873e-06 3.61848e-10 7.85654e-08 
0.176346 0.000297736 0.00165801 3.99644e-06 3.24932e-10 6.8841e-08 
0.177401 0.000224898 0.00176001 2.32707e-06 1.40221e-10 3.33987e-08 
0.176436 0.000317559 0.00163333 3.45749e-06 2.55323e-10 6.10005e-08 
0.177531 0.000216062 0.00176817 1.37666e-06 6.21308e-11 1.93425e-08 
0.176757 0.000307824 0.00167346 3.52966e-06 2.68262e-10 6.17025e-08 
0.177001 0.000287963 0.00169947 2.84493e-06 1.84667e-10 4.60095e-08 
0.177191 0.000317416 0.00171545 3.79414e-06 3.03703e-10 6.71114e-08 
0.176905 0.000318565 0.0016854 3.97334e-06 3.24558e-10 7.09119e-08 
0.177679 0.000342887 0.00176347 2.76918e-06 3.49269e-11 1.93602e-08 
0.177061 0.000214898 0.00171378 1.29341e-06 6.07606e-11 1.89542e-08 
0.177357 0.000293097 0.00172851 1.81452e-06 9.35997e-11 2.88365e-08 
0.176506 0.000299641 0.00165635 3.2453e-06 2.33243e-10 5.46895e-08 
0.177012 0.00041166 0.00166544 4.53486e-06 3.41978e-10 8.19326e-08 
0.176708 0.000135448 0.00175627 1.2645e-06 4.37826e-11 1.0207e-08 
0.177121 0.000302942 0.00170953 3.15122e-06 2.08273e-10 5.07644e-08 
0.176849 0.000299841 0.00165359 2.50199e-06 1.60746e-10 4.33188e-08 
0.17665 0.000341624 0.00167474 3.11231e-06 2.12037e-10 5.52435e-08 
0.177064 0.000304359 0.00173296 4.41591e-06 3.84491e-10 7.64915e-08 
0.176315 0.000370505 0.00164567 5.38068e-06 4.275e-10 8.55215e-08 
0.178905 0.000339631 0.00182517 1.92662e-06 -6.65157e-12 8.26682e-09 
0.176843 0.000317298 0.00169448 3.75331e-06 2.86266e-10 6.3598e-08 
0.177706 0.000302981 0.00180698 3.3428e-06 1.36239e-10 3.58354e-08 
0.177786 0.000282395 0.00179159 3.62037e-06 2.46946e-10 5.31123e-08 
0.176606 0.000337655 0.00166767 4.52617e-06 3.32448e-10 7.21145e-08 
0.177225 0.000308039 0.00170646 2.68082e-06 1.76209e-10 4.67505e-08 
0.177287 0.00023338 0.00177511 2.10466e-06 7.59229e-11 2.43467e-08 
0.176727 0.000288111 0.00165857 1.93452e-06 1.07525e-10 3.228e-08 
0.176272 0.000329728 0.00164335 3.6314e-06 2.7966e-10 6.57273e-08 
0.177933 0.000329819 0.00181613 1.8735e-06 8.24571e-11 2.97364e-08 
0.177018 0.000373252 0.0017222 3.21892e-06 8.84647e-11 3.46289e-08 
0.176464 0.000217922 0.00169038 2.24433e-06 1.10712e-10 2.58662e-08 
0.176601 0.000346045 0.00165175 4.07501e-06 2.9876e-10 6.98192e-08 
0.176641 0.000379323 0.00166933 4.7391e-06 4.14154e-10 9.11799e-08 
0.176825 0.000319484 0.00169923 3.51483e-06 2.62963e-10 6.11373e-08 
0.177522 0.000488154 0.00167784 4.78971e-06 4.28354e-10 1.05696e-07 
0.179113 0.000252823 0.00192971 3.23325e-06 2.3903e-10 4.78703e-08 
0.176295 0.000353194 0.00162455 4.81481e-06 4.13516e-10 8.91978e-08 
0.178057 0.000426967 0.00181902 3.98085e-06 3.03694e-10 7.74175e-08 
0.176694 0.000350841 0.00168411 4.30433e-06 3.39782e-10 7.61504e-08 
0.177049 0.000290061 0.00176009 3.35971e-06 2.47599e-10 5.59712e-08 
0.177637 0.000422348 0.00174758 5.17745e-06 4.27642e-10 9.35047e-08 
0.176741 0.000244478 0.00169829 1.9e-06 1.07443e-10 2.96642e-08 
0.1763 0.000261 0.0016424 2.92145e-06 1.67163e-10 4.04025e-08 
0.177423 0.000324451 0.00172934 2.89674e-06 2.04262e-10 5.20087e-08 
0.176475 0.000188546 0.00166897 1.74233e-06 -2.419e-11 -3.11225e-09 
0.178428 0.000291805 0.0018757 3.35797e-06 -2.556e-10 -5.59495e-08 
0.176503 0.000201488 0.00162865 1.4323e-06 6.93448e-12 6.41664e-09 
0.176656 0.000293363 0.00168133 3.72308e-06 2.93985e-10 6.36663e-08 
0.178303 0.000361989 0.00185536 2.22638e-06 -1.03271e-10 -1.4076e-08 
0.176085 0.000275106 0.00161594 3.16937e-06 2.25975e-10 5.21845e-08 
0.177549 0.000392972 0.00176538 5.39247e-06 4.08975e-10 8.42618e-08 
0.177259 0.000462091 0.00169835 6.04212e-06 4.98988e-10 1.07396e-07 
0.176891 0.000234295 0.00176657 3.00471e-06 2.16885e-10 4.51396e-08 
0.177285 0.000406943 0.00173014 5.31048e-06 5.04975e-10 1.06529e-07 
0.178084 0.000315381 0.0018164 2.98931e-06 1.98267e-10 4.81158e-08 
0.177422 0.000368059 0.00173254 3.53246e-06 2.10615e-10 5.54521e-08 
0.17649 0.000259759 0.00167539 3.21257e-06 2.17782e-10 4.98012e-08 
0.176463 0.000274862 0.00168967 3.80799e-06 3.02342e-10 6.29907e-08 
0.176907 0.000342472 0.00167946 4.28873e-06 3.61848e-10 7.85654e-08 
0.176346 0.000297736 0.00165801 3.99644e-06 3.24932e-10 6.8841e-08 
0.177401 0.000224898 0.00176001 2.32707e-06 1.40221e-10 3.33987e-08 
0.176436 0.000317559 0.00163333 3.45749e-06 2.55323e-10 6.10005e-08 
0.177531 0.000216062 0.00176817 1.37666e-06 6.21308e-11 1.93425e-08 
0.176757 0.000307824 0.00167346 3.52966e-06 2.68262e-10 6.17025e-08 
0.177001 0.000287963 0.00169947 2.84493e-06 1.84667e-10 4.60095e-08 
0.177191 0.000317416 0.00171545 3.79414e-06 3.03703e-10 6.71114e-08 
0.176905 0.000318565 0.0016854 3.97334e-06 3.24558e-10 7.09119e-08 
0.177679 0.000342887 0.00176347 2.76918e-06 3.49269e-11 1.93602e-08 
0.177061 0.000214898 0.00171378 1.29341e-06 6.07606e-11 1.89542e-08 
0.177357 0.000293097 0.00172851 1.81452e-06 9.35997e-11 2.88365e-08 
0.176506 0.000299641 0.00165635 3.2453e-06 2.33243e-10 5.46895e-08 
0.177012 0.00041166 0.00166544 4.53486e-06 3.41978e-10 8.19326e-08 
0.176708 0.000135448 0.00175627 1.2645e-06 4.37826e-11 1.0207e-08 
0.177121 0.000302942 0.00170953 3.15122e-06 2.08273e-10 5.07644e-08 
0.176849 0.000299841 0.00165359 2.50199e-06 1.60746e-10 4.33188e-08 
0.17665 0.000341624 0.00167474 3.11231e-06 2.12037e-10 5.52435e-08 
0.177064 0.000304359 0.00173296 4.41591e-06 3.84491e-10 7.64915e-08 
0.176315 0.000370505 0.00164567 5.38068e-06 4.275e-10 8.55215e-08 
0.178905 0.000339631 0.00182517 1.92662e-06 -6.65157e-12 8.26682e-09 
0.176843 0.000317298 0.00169448 3.75331e-06 2.86266e-10 6.3598e-08 
0.177706 0.000302981 0.00180698 3.3428e-06 1.36239e-10 3.58354e-08 
0.177786 0.000282395 0.00179159 3.62037e-06 2.46946e-10 5.31123e-08 
0.176606 0.000337655 0.00166767 4.52617e-06 3.32448e-10 7.21145e-08 
0.177225 0.000308039 0.00170646 2.68082e-06 1.76209e-10 4.67505e-08 
0.177287 0.00023338 0.00177511 2.10466e-06 7.59229e-11 2.43467e-08 
