54
1.3127 0.849377 0.452455 0.0504974 -6.57285e-05 -0.0364281 
0.757967 0.248278 0.0990392 0.0128901 -0.000173307 -0.00129187 
0.667729 0.172826 0.0578818 0.00659161 -6.2679e-05 -0.0025956 
0.76575 0.255773 0.0948178 0.0112193 -0.000240185 -0.0025069 
0.812664 0.27455 0.124096 0.0146335 -0.00043233 -0.00362002 
1.21551 0.662736 0.418078 0.0446756 -0.00491804 -0.0197497 
1.09984 0.570451 0.288455 0.0326221 -0.00299047 -0.0239375 
0.749536 0.23144 0.0970704 0.0102693 -0.00032423 -0.00435082 
0.685531 0.195372 0.067917 0.00767793 -0.000158974 -0.00233564 
0.752462 0.252489 0.0851832 0.00997371 -0.000210265 -0.00248676 
0.83182 0.318842 0.118222 0.0126958 -0.000411904 -0.00416498 
0.764432 0.256418 0.0918768 0.0110886 -0.000233872 -0.00250712 
1.3127 0.849377 0.452455 0.0504974 -6.57285e-05 -0.0364281 
0.757967 0.248278 0.0990392 0.0128901 -0.000173307 -0.00129187 
0.667729 0.172826 0.0578818 0.00659161 -6.2679e-05 -0.0025956 
0.76575 0.255773 0.0948178 0.0112193 -0.000240185 -0.0025069 
0.812664 0.27455 0.124096 0.0146335 -0.00043233 -0.00362002 
1.21551 0.662736 0.418078 0.0446756 -0.00491804 -0.0197497 
1.09984 0.570451 0.288455 0.0326221 -0.00299047 -0.0239375 
0.749536 0.23144 0.0970704 0.0102693 -0.00032423 -0.00435082 
0.685531 0.195372 0.067917 0.00767793 -0.000158974 -0.00233564 
0.752462 0.252489 0.0851832 0.00997371 -0.000210265 -0.00248676 
0.83182 0.318842 0.118222 0.0126958 -0.000411904 -0.00416498 
0.764432 0.256418 0.0918768 0.0110886 -0.000233872 -0.00250712 
1.35746 1.012 0.312564 0.0292668 -0.00267609 -0.0222776 
1.03078 0.481884 0.285142 0.0384721 -0.000738323 -0.00274659 
1.11619 0.609608 0.299283 0.0358244 -0.00188012 -0.00917979 
0.964651 0.408601 0.231483 0.0305239 -0.000760114 -0.00335252 
1.36848 0.811384 0.813964 0.0850083 -0.0223513 -0.0643565 
0.889387 0.366456 0.142116 0.0161177 -0.000587295 -0.00534068 
0.898858 0.353006 0.15655 0.0159335 -0.000689 -0.00609672 
0.85391 0.318219 0.135883 0.0164093 -0.00042146 -0.00314194 
0.951774 0.400387 0.234533 0.0318469 -0.000961519 -0.00381785 
0.899836 0.355229 0.17017 0.0170962 -0.000905203 -0.0096946 
0.8055 0.280078 0.115171 0.0122834 -0.000461099 -0.00565106 
0.872061 0.325832 0.158083 0.0167197 -0.000833582 -0.00750082 
0.841635 0.318245 0.122955 0.0139144 -0.000500309 -0.0078156 
0.970958 0.42378 0.209505 0.0235224 -0.00139322 -0.0100238 
0.845718 0.30421 0.141987 0.0163694 -0.000449996 -0.00333314 
1.35746 1.012 0.312564 0.0292668 -0.00267609 -0.0222776 
1.03078 0.481884 0.285142 0.0384721 -0.000738323 -0.00274659 
1.11619 0.609608 0.299283 0.0358244 -0.00188012 -0.00917979 
0.964651 0.408601 0.231483 0.0305239 -0.000760114 -0.00335252 
1.36848 0.811384 0.813964 0.0850083 -0.0223513 -0.0643565 
0.889387 0.366456 0.142116 0.0161177 -0.000587295 -0.00534068 
0.898858 0.353006 0.15655 0.0159335 -0.000689 -0.00609672 
0.85391 0.318219 0.135883 0.0164093 -0.00042146 -0.00314194 
0.951774 0.400387 0.234533 0.0318469 -0.000961519 -0.00381785 
0.899836 0.355229 0.17017 0.0170962 -0.000905203 -0.0096946 
0.8055 0.280078 0.115171 0.0122834 -0.000461099 -0.00565106 
0.872061 0.325832 0.158083 0.0167197 -0.000833582 -0.00750082 
0.841635 0.318245 0.122955 0.0139144 -0.000500309 -0.0078156 
0.970958 0.42378 0.209505 0.0235224 -0.00139322 -0.0100238 
0.845718 0.30421 0.141987 0.0163694 -0.000449996 -0.00333314 
