40
0.456368 0.0296068 0.00203504 0.000926011 -1.04978e-06 -0.000151433 
0.541573 0.0360988 0.00640306 0.00456401 -1.49589e-05 -0.000540234 
0.426965 0.0236633 0.00152905 0.000828333 -7.36347e-07 -0.000118635 
0.429391 0.0238525 0.0018439 0.00103468 -1.19321e-06 -0.000148564 
0.480065 0.0269968 0.00363545 0.00178698 -4.35474e-06 -0.000285163 
0.542919 0.0394266 0.00727574 0.00485337 -7.86379e-07 9.92274e-05 
0.422949 0.0232007 0.00176979 0.000871482 -8.43967e-07 -0.000119949 
0.622953 0.057217 0.00321722 0.00242782 -5.97273e-06 -0.000577388 
0.440264 0.0251188 0.00163865 0.000948693 -8.46806e-07 -0.000128416 
0.529323 0.0385036 0.00340793 0.00158959 -3.42458e-06 -0.000311233 
0.445257 0.0275919 0.00190189 0.000986456 -1.19795e-06 -0.00015482 
0.459355 0.0298813 0.00227284 0.00104797 -1.46734e-06 -0.000176478 
0.457455 0.0298994 0.00179386 0.00090569 -1.02955e-06 -0.000146923 
0.452931 0.0256757 0.00199283 0.00113131 -1.69115e-06 -0.000180967 
0.461746 0.028997 0.00229357 0.00116902 -1.34771e-06 -0.000174703 
0.466185 0.0308034 0.00232831 0.00116978 -1.42629e-06 -0.000182159 
0.469676 0.0330133 0.00224403 0.00108651 -1.42077e-06 -0.000182897 
0.475541 0.0313742 0.00191188 0.000999882 -1.00938e-06 -0.000160619 
0.464826 0.0294319 0.0018452 0.00106197 -1.1054e-06 -0.00016111 
0.436216 0.0263343 0.00180387 0.000894146 -9.49683e-07 -0.000131886 
0.511451 0.0413975 0.00191408 0.0010348 -8.14516e-07 -0.000163489 
0.44981 0.0275878 0.00159297 0.000974749 -9.69294e-07 -0.000142166 
0.484354 0.0295482 0.00273096 0.00135111 -2.59175e-06 -0.000231165 
0.464697 0.0300965 0.00177467 0.00104934 -1.07338e-06 -0.000156506 
0.529323 0.0385036 0.00340793 0.00158959 -3.42458e-06 -0.000311233 
0.445257 0.0275919 0.00190189 0.000986456 -1.19795e-06 -0.00015482 
0.459355 0.0298813 0.00227284 0.00104797 -1.46734e-06 -0.000176478 
0.457455 0.0298994 0.00179386 0.00090569 -1.02955e-06 -0.000146923 
0.452931 0.0256757 0.00199283 0.00113131 -1.69115e-06 -0.000180967 
0.461746 0.028997 0.00229357 0.00116902 -1.34771e-06 -0.000174703 
0.466185 0.0308034 0.00232831 0.00116978 -1.42629e-06 -0.000182159 
0.469676 0.0330133 0.00224403 0.00108651 -1.42077e-06 -0.000182897 
0.475541 0.0313742 0.00191188 0.000999882 -1.00938e-06 -0.000160619 
0.174117 1.57966e-06 0.000883262 1.19761e-07 -1.22525e-12 1.18686e-10 
0.464826 0.0294319 0.0018452 0.00106197 -1.1054e-06 -0.00016111 
0.436216 0.0263343 0.00180387 0.000894146 -9.49683e-07 -0.000131886 
0.511451 0.0413975 0.00191408 0.0010348 -8.14516e-07 -0.000163489 
0.44981 0.0275878 0.00159297 0.000974749 -9.69294e-07 -0.000142166 
0.484354 0.0295482 0.00273096 0.00135111 -2.59175e-06 -0.000231165 
0.464697 0.0300965 0.00177467 0.00104934 -1.07338e-06 -0.000156506 
