36
0.571733 0.0444656 0.0237568 0.00383562 2.24611e-05 -1.17023e-05 
0.426215 0.0188612 0.00946374 0.00119878 3.30298e-06 3.70783e-06 
0.41234 0.0204016 0.0105283 0.00119935 2.85109e-06 -1.90228e-05 
0.437663 0.0272297 0.0136383 0.00195318 7.61514e-06 1.21464e-05 
0.411037 0.0233019 0.0108618 0.00131148 3.12461e-06 -1.95034e-05 
0.431009 0.0232192 0.0128633 0.00215841 9.296e-06 6.22262e-05 
0.40976 0.0203385 0.00897969 0.0012586 3.3388e-06 2.46982e-06 
0.436002 0.0256968 0.0143008 0.00176834 4.35371e-06 -6.48522e-05 
0.461313 0.0285949 0.01534 0.00218878 8.94942e-06 -2.00803e-05 
0.446361 0.0254262 0.0135903 0.00182982 6.58494e-06 -2.78224e-06 
0.470172 0.0294689 0.0169491 0.0029491 1.49506e-05 -1.74984e-06 
0.507517 0.0335341 0.0192635 0.00289007 1.41102e-05 -4.52516e-05 
0.496487 0.0304008 0.0166274 0.0022243 8.9214e-06 -7.41997e-05 
0.460704 0.028731 0.0162963 0.00231643 1.07297e-05 1.75816e-06 
0.533093 0.0378049 0.0218832 0.0045499 3.88387e-05 0.000103636 
0.514826 0.0347592 0.0225538 0.00372571 2.69484e-05 3.05466e-05 
0.51589 0.0338541 0.0212278 0.00366375 2.35363e-05 4.20969e-07 
0.55826 0.0330795 0.0291021 0.00710889 9.67994e-05 0.00035186 
0.559014 0.0456498 0.0337261 0.00768366 9.25025e-05 -1.56263e-05 
0.463771 0.0268895 0.017247 0.00234982 1.04783e-05 -3.27745e-05 
0.510374 0.0380953 0.0231473 0.00430285 2.70158e-05 -9.51751e-05 
0.54329 0.0465614 0.0323925 0.00680531 7.06014e-05 6.22279e-05 
0.461313 0.0285949 0.01534 0.00218878 8.94942e-06 -2.00803e-05 
0.446361 0.0254262 0.0135903 0.00182982 6.58494e-06 -2.78224e-06 
0.470172 0.0294689 0.0169491 0.0029491 1.49506e-05 -1.74984e-06 
0.507517 0.0335341 0.0192635 0.00289007 1.41102e-05 -4.52516e-05 
0.496487 0.0304008 0.0166274 0.0022243 8.9214e-06 -7.41997e-05 
0.460704 0.028731 0.0162963 0.00231643 1.07297e-05 1.75816e-06 
0.533093 0.0378049 0.0218832 0.0045499 3.88387e-05 0.000103636 
0.514826 0.0347592 0.0225538 0.00372571 2.69484e-05 3.05466e-05 
0.51589 0.0338541 0.0212278 0.00366375 2.35363e-05 4.20969e-07 
0.55826 0.0330795 0.0291021 0.00710889 9.67994e-05 0.00035186 
0.559014 0.0456498 0.0337261 0.00768366 9.25025e-05 -1.56263e-05 
0.463771 0.0268895 0.017247 0.00234982 1.04783e-05 -3.27745e-05 
0.510374 0.0380953 0.0231473 0.00430285 2.70158e-05 -9.51751e-05 
0.54329 0.0465614 0.0323925 0.00680531 7.06014e-05 6.22279e-05 
