105
0.176219 6.56308e-06 0.00106326 1.19141e-06 -3.82141e-11 -1.54945e-09 
0.174457 4.23975e-06 0.000925432 1.21626e-07 -5.94194e-13 -1.21626e-10 
0.175523 8.48072e-06 0.00100847 5.60282e-07 -1.28515e-11 -1.52606e-09 
0.17644 2.29863e-06 0.00108602 1.48019e-06 -5.17397e-11 -9.05954e-10 
0.174869 1.55106e-05 0.000961035 5.8324e-07 -6.56193e-12 -2.43052e-10 
0.175719 0.000156705 0.00158828 1.17089e-06 -4.61199e-11 -1.26037e-08 
0.173559 2.53364e-06 0.000982794 4.38592e-08 -2.65069e-13 -6.58077e-11 
0.175438 1.08221e-05 0.000904693 4.72676e-07 -3.55434e-12 8.96093e-10 
0.174865 9.5945e-07 0.000891424 2.37144e-07 -2.66421e-12 2.14882e-10 
0.172823 1.50029e-06 0.000942776 9.95304e-08 3.36878e-13 -7.28579e-11 
0.172783 1.22188e-05 0.000963306 3.62345e-07 -5.32471e-12 -1.26087e-09 
0.174123 1.1353e-05 0.000932603 9.2625e-08 -2.55457e-13 8.88827e-11 
0.177219 0.000191899 0.00166406 3.05152e-06 -1.1674e-10 -2.36271e-08 
0.173863 4.87978e-06 0.000922984 6.31441e-07 -1.1313e-11 -1.06538e-09 
0.174867 5.76369e-06 0.000974374 4.15686e-07 -8.35544e-12 -9.9774e-10 
0.17622 2.07367e-05 0.00115157 1.0439e-06 -4.78234e-12 -1.49131e-09 
0.173452 2.65253e-07 0.000881055 4.28301e-08 -2.52666e-13 -1.99076e-11 
0.174487 9.75747e-07 0.000894927 3.90189e-07 -5.76409e-12 -3.81201e-10 
0.175376 8.55153e-07 0.00105792 6.62755e-08 2.98583e-13 4.81057e-11 
0.176003 1.62849e-06 0.000988324 8.46893e-07 -2.44563e-11 4.27276e-10 
0.175358 1.07257e-05 0.000995181 4.25951e-07 -4.08623e-12 -1.22952e-09 
0.178635 0.000220334 0.00187988 3.52864e-06 -2.73983e-10 -4.95517e-08 
0.174535 7.84163e-06 0.000961593 2.40394e-07 3.65296e-12 6.60701e-10 
0.175318 2.25582e-06 0.000880415 7.05767e-07 -1.44016e-11 4.93293e-10 
0.176315 4.41027e-05 0.00104607 1.98852e-06 -7.98816e-11 -1.20528e-08 
0.174751 1.78914e-05 0.00105354 3.51395e-07 -6.67084e-12 -1.39908e-09 
0.174478 2.92998e-06 0.00106914 3.21358e-07 -4.92884e-12 2.09568e-11 
0.175746 2.13016e-05 0.000923274 6.90403e-07 -6.84642e-12 3.15479e-09 
0.175358 7.48017e-06 0.000997557 5.23709e-07 -7.53738e-12 -1.80544e-10 
0.174675 2.12071e-06 0.0009478 2.48405e-07 1.22113e-12 1.51347e-10 
0.174117 1.57966e-06 0.000883262 1.19761e-07 -1.22525e-12 1.18686e-10 
0.174419 1.9245e-05 0.000978964 3.89901e-09 6.28435e-15 -6.75313e-13 
0.17411 1.77336e-05 0.000846573 4.53556e-08 1.97308e-13 1.23418e-10 
0.174131 2.94201e-06 0.000931269 1.34644e-07 -1.47704e-12 -6.07378e-11 
0.174815 4.2172e-07 0.000888271 2.3455e-07 -2.48693e-12 1.34562e-10 
0.175815 1.92149e-06 0.00094085 5.02715e-07 -8.95862e-12 5.5332e-10 
0.174644 4.89995e-06 0.000950357 1.00539e-07 9.59895e-13 2.13354e-10 
0.174374 6.86295e-06 0.000864007 5.87509e-09 1.02545e-14 -3.30582e-12 
0.174066 5.52299e-06 0.000898153 2.61943e-07 -1.69592e-12 2.4453e-10 
0.175978 0.000149189 0.00155618 1.63865e-06 -8.04635e-11 -1.77098e-08 
0.176757 0.000172229 0.00164728 2.3182e-06 -1.36158e-10 -2.89644e-08 
0.173773 3.19188e-06 0.000879723 4.36472e-08 -1.70674e-13 -3.92471e-11 
0.17703 6.03012e-06 0.00115793 1.61439e-06 -6.97723e-11 -3.30049e-09 
0.174799 2.81723e-05 0.000929789 6.54759e-07 2.2962e-12 1.74443e-09 
0.175887 9.60373e-06 0.00117285 8.24408e-07 -3.82011e-12 7.74775e-11 
0.177247 0.00019476 0.00178387 2.16045e-06 1.73267e-11 -7.64279e-09 
0.174635 1.08089e-06 0.000971503 3.62498e-07 -3.75202e-12 2.07138e-10 
0.174521 1.09424e-05 0.000903159 6.48582e-07 -1.56785e-11 -1.9336e-09 
0.174137 1.29389e-06 0.00089472 1.06781e-07 -5.35367e-13 9.89802e-11 
0.17546 5.17697e-06 0.000927194 7.70466e-07 -1.84691e-11 -9.81733e-10 
0.173519 3.29943e-07 0.000970992 2.61615e-08 1.31752e-13 -5.50003e-12 
0.174546 2.15136e-05 0.000959538 4.78262e-07 9.10541e-12 2.2151e-09 
0.175312 1.05962e-07 0.000914813 7.15392e-07 -1.82763e-11 -2.27561e-10 
0.176219 6.56308e-06 0.00106326 1.19141e-06 -3.82141e-11 -1.54945e-09 
0.174457 4.23975e-06 0.000925432 1.21626e-07 -5.94194e-13 -1.21626e-10 
0.175523 8.48072e-06 0.00100847 5.60282e-07 -1.28515e-11 -1.52606e-09 
0.17644 2.29863e-06 0.00108602 1.48019e-06 -5.17397e-11 -9.05954e-10 
0.174869 1.55106e-05 0.000961035 5.8324e-07 -6.56193e-12 -2.43052e-10 
0.175719 0.000156705 0.00158828 1.17089e-06 -4.61199e-11 -1.26037e-08 
0.173559 2.53364e-06 0.000982794 4.38592e-08 -2.65069e-13 -6.58077e-11 
0.175438 1.08221e-05 0.000904693 4.72676e-07 -3.55434e-12 8.96093e-10 
0.174865 9.5945e-07 0.000891424 2.37144e-07 -2.66421e-12 2.14882e-10 
0.172823 1.50029e-06 0.000942776 9.95304e-08 3.36878e-13 -7.28579e-11 
0.172783 1.22188e-05 0.000963306 3.62345e-07 -5.32471e-12 -1.26087e-09 
0.174123 1.1353e-05 0.000932603 9.2625e-08 -2.55457e-13 8.88827e-11 
0.177219 0.000191899 0.00166406 3.05152e-06 -1.1674e-10 -2.36271e-08 
0.173863 4.87978e-06 0.000922984 6.31441e-07 -1.1313e-11 -1.06538e-09 
0.174867 5.76369e-06 0.000974374 4.15686e-07 -8.35544e-12 -9.9774e-10 
0.17622 2.07367e-05 0.00115157 1.0439e-06 -4.78234e-12 -1.49131e-09 
0.173452 2.65253e-07 0.000881055 4.28301e-08 -2.52666e-13 -1.99076e-11 
0.174487 9.75747e-07 0.000894927 3.90189e-07 -5.76409e-12 -3.81201e-10 
0.175376 8.55153e-07 0.00105792 6.62755e-08 2.98583e-13 4.81057e-11 
0.176003 1.62849e-06 0.000988324 8.46893e-07 -2.44563e-11 4.27276e-10 
0.175358 1.07257e-05 0.000995181 4.25951e-07 -4.08623e-12 -1.22952e-09 
0.178635 0.000220334 0.00187988 3.52864e-06 -2.73983e-10 -4.95517e-08 
0.174535 7.84163e-06 0.000961593 2.40394e-07 3.65296e-12 6.60701e-10 
0.175318 2.25582e-06 0.000880415 7.05767e-07 -1.44016e-11 4.93293e-10 
0.176315 4.41027e-05 0.00104607 1.98852e-06 -7.98816e-11 -1.20528e-08 
0.174751 1.78914e-05 0.00105354 3.51395e-07 -6.67084e-12 -1.39908e-09 
0.174478 2.92998e-06 0.00106914 3.21358e-07 -4.92884e-12 2.09568e-11 
0.175746 2.13016e-05 0.000923274 6.90403e-07 -6.84642e-12 3.15479e-09 
0.175358 7.48017e-06 0.000997557 5.23709e-07 -7.53738e-12 -1.80544e-10 
0.174675 2.12071e-06 0.0009478 2.48405e-07 1.22113e-12 1.51347e-10 
0.174419 1.9245e-05 0.000978964 3.89901e-09 6.28435e-15 -6.75313e-13 
0.17411 1.77336e-05 0.000846573 4.53556e-08 1.97308e-13 1.23418e-10 
0.174131 2.94201e-06 0.000931269 1.34644e-07 -1.47704e-12 -6.07378e-11 
0.174815 4.2172e-07 0.000888271 2.3455e-07 -2.48693e-12 1.34562e-10 
0.175815 1.92149e-06 0.00094085 5.02715e-07 -8.95862e-12 5.5332e-10 
0.174644 4.89995e-06 0.000950357 1.00539e-07 9.59895e-13 2.13354e-10 
0.174374 6.86295e-06 0.000864007 5.87509e-09 1.02545e-14 -3.30582e-12 
0.174066 5.52299e-06 0.000898153 2.61943e-07 -1.69592e-12 2.4453e-10 
0.175978 0.000149189 0.00155618 1.63865e-06 -8.04635e-11 -1.77098e-08 
0.176757 0.000172229 0.00164728 2.3182e-06 -1.36158e-10 -2.89644e-08 
0.173773 3.19188e-06 0.000879723 4.36472e-08 -1.70674e-13 -3.92471e-11 
0.17703 6.03012e-06 0.00115793 1.61439e-06 -6.97723e-11 -3.30049e-09 
0.174799 2.81723e-05 0.000929789 6.54759e-07 2.2962e-12 1.74443e-09 
0.175887 9.60373e-06 0.00117285 8.24408e-07 -3.82011e-12 7.74775e-11 
0.177247 0.00019476 0.00178387 2.16045e-06 1.73267e-11 -7.64279e-09 
0.174635 1.08089e-06 0.000971503 3.62498e-07 -3.75202e-12 2.07138e-10 
0.174521 1.09424e-05 0.000903159 6.48582e-07 -1.56785e-11 -1.9336e-09 
0.174137 1.29389e-06 0.00089472 1.06781e-07 -5.35367e-13 9.89802e-11 
0.17546 5.17697e-06 0.000927194 7.70466e-07 -1.84691e-11 -9.81733e-10 
0.173519 3.29943e-07 0.000970992 2.61615e-08 1.31752e-13 -5.50003e-12 
0.174546 2.15136e-05 0.000959538 4.78262e-07 9.10541e-12 2.2151e-09 
0.175312 1.05962e-07 0.000914813 7.15392e-07 -1.82763e-11 -2.27561e-10 
