288 10
0.377127 0.0227348 0.0305738 0.000220117 5.30156e-07 3.19211e-05 -1 -1 -1 -1
0.372092 0.0221284 0.0289272 0.000186815 4.17158e-07 2.70963e-05 -1 -1 -1 -1
0.370937 0.021927 0.0287854 0.000185301 4.06579e-07 2.6613e-05 -1 -1 -1 -1
0.374216 0.022193 0.0299051 0.000205868 4.88525e-07 2.99984e-05 -1 -1 -1 -1
0.36999 0.0217664 0.0286197 0.000193534 4.33008e-07 2.76979e-05 -1 -1 -1 -1
0.369966 0.0218293 0.0285458 0.000183762 3.94316e-07 2.60941e-05 -1 -1 -1 -1
0.378931 0.0228795 0.0303892 0.000190589 4.30905e-07 2.76723e-05 -1 -1 -1 -1
0.368014 0.0214218 0.0281517 0.000195947 4.24998e-07 2.73707e-05 -1 -1 -1 -1
0.366677 0.0214958 0.0276979 0.000188295 4.00306e-07 2.63645e-05 -1 -1 -1 -1
0.370388 0.022033 0.0287031 0.000214092 4.66542e-07 2.95299e-05 -1 -1 -1 -1
0.365742 0.0215164 0.0274683 0.000179868 3.70401e-07 2.52151e-05 -1 -1 -1 -1
0.362199 0.0205077 0.0267482 0.00015929 3.03071e-07 2.17513e-05 -1 -1 -1 -1
0.347173 0.0182916 0.0241485 0.0001166 1.79145e-07 1.49332e-05 -1 -1 -1 -1
0.317505 0.0138772 0.0189603 0.000153376 2.48271e-07 1.75702e-05 -1 -1 -1 -1
0.325232 0.0156284 0.0187142 4.70067e-05 3.9393e-08 5.48857e-06 -1 -1 -1 -1
0.314624 0.014544 0.0173554 8.28108e-05 7.294e-08 8.64076e-06 -1 -1 -1 -1
0.327491 0.0163257 0.0198253 0.000132908 1.86211e-07 1.56373e-05 -1 -1 -1 -1
0.309571 0.0141525 0.0159687 4.77376e-05 3.02394e-08 4.81082e-06 -1 -1 -1 -1
0.493698 0.036578 8.67849e-06 1.74781e-06 4.20773e-12 3.33557e-07 1 -1 -1 -1
0.48441 0.0350372 1.4947e-05 8.58799e-07 1.75213e-13 1.59333e-07 1 -1 -1 -1
0.485974 0.0350539 1.66394e-05 1.38798e-07 2.07265e-13 1.89269e-08 1 -1 -1 -1
0.478354 0.0310402 8.17535e-05 1.80258e-05 -5.385e-10 -2.601e-06 1 -1 -1 -1
0.477581 0.0325657 2.09492e-05 6.00437e-06 6.24759e-11 5.48559e-07 1 -1 -1 -1
0.476996 0.0320442 1.52631e-05 3.42979e-06 2.05343e-11 5.11457e-07 1 -1 -1 -1
0.420382 0.0316067 1.52171e-08 4.85114e-07 3.46979e-14 7.38646e-08 1 -1 -1 -1
0.472327 0.0340231 8.7607e-05 4.08e-05 1.54688e-09 4.99135e-06 1 -1 -1 -1
0.473226 0.0338512 0.000158595 4.84554e-05 3.14563e-09 7.50569e-06 1 -1 -1 -1
0.497036 0.0366005 0.0038632 0.000654878 7.38584e-07 8.16662e-05 -1 1 -1 -1
0.49055 0.0355905 0.0037275 0.000616174 6.52991e-07 7.5013e-05 -1 1 -1 -1
0.487128 0.0350183 0.00363462 0.000597224 6.18775e-07 7.22876e-05 -1 1 -1 -1
0.496226 0.0365301 0.00385489 0.000650016 7.2813e-07 8.10239e-05 -1 1 -1 -1
0.488673 0.0351727 0.00365693 0.000611349 6.46312e-07 7.46758e-05 -1 1 -1 -1
0.487748 0.0351702 0.00364054 0.000601612 6.287e-07 7.33617e-05 -1 1 -1 -1
0.497322 0.0372525 0.00379377 0.000655396 7.71098e-07 8.45048e-05 -1 1 -1 -1
0.489227 0.035637 0.00371059 0.000631122 6.97701e-07 7.93904e-05 -1 1 -1 -1
0.487551 0.0354537 0.00361564 0.000592457 6.02187e-07 7.17514e-05 -1 1 -1 -1
0.497233 0.0369145 0.00384018 0.000661483 7.55134e-07 8.45292e-05 -1 1 -1 -1
0.488767 0.0358043 0.00365739 0.000615335 6.62157e-07 7.69752e-05 -1 1 -1 -1
0.490646 0.0359902 0.00377024 0.000627933 6.85101e-07 7.81884e-05 -1 1 -1 -1
0.492028 0.0362148 0.00381221 0.000733167 8.82885e-07 9.16796e-05 -1 1 -1 -1
0.484838 0.0342449 0.00367871 0.000643736 7.53106e-07 8.2684e-05 -1 1 -1 -1
0.48371 0.0341402 0.00356644 0.000595706 6.19248e-07 7.26972e-05 -1 1 -1 -1
0.491947 0.0361607 0.0038705 0.000724454 8.98521e-07 9.18853e-05 -1 1 -1 -1
0.48456 0.0343422 0.00370551 0.000622702 6.79547e-07 7.58598e-05 -1 1 -1 -1
0.4831 0.0341387 0.00358374 0.000594335 6.15659e-07 7.19364e-05 -1 1 -1 -1
0.491507 0.0323268 0.00445486 0.000374711 1.46374e-07 1.59085e-05 -1 1 -1 -1
0.474937 0.0312228 0.00405247 0.000543282 5.11763e-07 5.25101e-05 -1 1 -1 -1
0.484486 0.0335727 0.00276137 0.000451099 2.40211e-07 3.97102e-05 -1 1 -1 -1
0.48259 0.0307913 0.00424044 0.000350127 1.06598e-07 1.19083e-05 -1 1 -1 -1
0.476946 0.0327044 0.00371489 0.00060802 7.81028e-07 7.94912e-05 -1 1 -1 -1
0.459392 0.0303544 0.00278703 0.000317793 9.01207e-08 1.23751e-05 -1 1 -1 -1
0.463047 0.043932 0.00454335 0.00305543 8.63125e-06 1.07681e-05 1 1 -1 -1
0.449008 0.0404274 0.00405101 0.00274907 6.90582e-06 4.05937e-06 1 1 -1 -1
0.449278 0.0407488 0.00369865 0.00274817 7.25002e-06 3.53907e-05 1 1 -1 -1
0.462177 0.0436973 0.00452365 0.00305353 8.61501e-06 1.34703e-05 1 1 -1 -1
0.449411 0.0405796 0.00403856 0.00275072 6.89046e-06 1.9385e-06 1 1 -1 -1
0.45082 0.0411781 0.00388022 0.00277506 7.29864e-06 2.42997e-05 1 1 -1 -1
0.467243 0.0462196 0.00486818 0.00341878 1.12213e-05 7.41677e-05 1 1 -1 -1
0.455516 0.0445341 0.00435321 0.0030969 9.01952e-06 6.12368e-05 1 1 -1 -1
0.457435 0.0447547 0.00435381 0.00314253 9.28854e-06 7.15568e-05 1 1 -1 -1
0.467866 0.0465242 0.0047557 0.00331772 1.01998e-05 5.43025e-05 1 1 -1 -1
0.453701 0.0440025 0.00422309 0.00304453 8.70509e-06 6.17885e-05 1 1 -1 -1
0.456146 0.0443265 0.00432635 0.00306786 8.81784e-06 5.77369e-05 1 1 -1 -1
0.441492 0.0486307 0.00414029 0.00341947 1.20082e-05 0.000271388 1 1 -1 -1
0.448786 0.0480965 0.00430054 0.00346855 1.15628e-05 0.000195291 1 1 -1 -1
0.430974 0.0441543 0.00358628 0.00307828 8.68786e-06 0.000142956 1 1 -1 -1
0.439555 0.0463062 0.00313646 0.00306863 7.96738e-06 0.000171516 1 1 -1 -1
0.433528 0.0477254 0.00366603 0.00339345 1.04449e-05 0.000263282 1 1 -1 -1
0.434788 0.0451402 0.00356365 0.00349941 1.1164e-05 0.000246774 1 1 -1 -1
0.321492 0.0105434 0.0162448 0.000144268 8.69035e-08 1.07734e-06 -1 -1 1 -1
0.314489 0.00984369 0.0152338 0.000131536 7.77021e-08 1.24521e-06 -1 -1 1 -1
0.312806 0.00969271 0.0149436 0.000129103 7.70388e-08 1.31825e-06 -1 -1 1 -1
0.318713 0.0102104 0.0160222 0.000144276 8.4337e-08 9.79579e-07 -1 -1 1 -1
0.313193 0.00970143 0.0150529 0.000129593 7.69871e-08 1.32976e-06 -1 -1 1 -1
0.313661 0.0096695 0.0151754 0.000133028 8.45996e-08 1.55323e-06 -1 -1 1 -1
0.320782 0.010405 0.016349 0.00013303 4.09101e-08 -9.44934e-07 -1 -1 1 -1
0.31026 0.00939026 0.014683 0.000127332 8.54248e-08 1.83425e-06 -1 -1 1 -1
0.306696 0.00913418 0.0140786 0.00012937 8.50576e-08 1.96254e-06 -1 -1 1 -1
0.318585 0.0101593 0.0161343 0.000142513 4.5389e-08 -8.17783e-07 -1 -1 1 -1
0.305971 0.00907632 0.0140153 0.000130411 8.59364e-08 1.87898e-06 -1 -1 1 -1
0.30613 0.00904904 0.0141632 0.00012649 7.38921e-08 1.25686e-06 -1 -1 1 -1
0.291675 0.00824685 0.0129047 0.000180371 1.2696e-07 3.48019e-06 -1 -1 1 -1
0.281224 0.00722676 0.0112988 7.03798e-05 4.01229e-08 2.02057e-06 -1 -1 1 -1
0.274854 0.0065285 0.0104304 7.52178e-05 5.17671e-08 3.08265e-06 -1 -1 1 -1
0.285319 0.0071994 0.0122907 0.000224195 3.20704e-07 9.79762e-06 -1 -1 1 -1
0.282232 0.00679837 0.0112956 0.000147512 1.57472e-07 6.45976e-06 -1 -1 1 -1
0.275894 0.00661914 0.0107446 9.04589e-05 3.1605e-08 1.25075e-06 -1 -1 1 -1
0.467585 0.0250879 0.000292977 0.000402304 -3.14313e-08 6.00537e-05 1 -1 1 -1
0.457283 0.0234683 0.00027675 0.000357784 -2.99586e-08 5.17837e-05 1 -1 1 -1
0.456095 0.0232059 0.000281307 0.000349165 -2.76262e-08 5.01698e-05 1 -1 1 -1
0.468032 0.0251629 0.000298149 0.000405326 -3.28483e-08 6.05864e-05 1 -1 1 -1
0.455099 0.0230899 0.000268646 0.000344393 -3.16596e-08 4.95908e-05 1 -1 1 -1
0.456304 0.023263 0.000270486 0.000354369 -3.19847e-08 5.12515e-05 1 -1 1 -1
0.467409 0.0249678 0.000294758 0.000400638 -2.32194e-08 5.90499e-05 1 -1 1 -1
0.455514 0.0229763 0.000256294 0.000350183 -3.20675e-08 5.04678e-05 1 -1 1 -1
0.455252 0.0228223 0.000260272 0.000344903 -3.97223e-08 4.97807e-05 1 -1 1 -1
0.465739 0.0247587 0.000298787 0.000394034 -3.32837e-08 5.8438e-05 1 -1 1 -1
0.45486 0.0228786 0.000261308 0.000351583 -3.0291e-08 5.01299e-05 1 -1 1 -1
0.453532 0.0228907 0.000264014 0.000346385 -3.21263e-08 4.96246e-05 1 -1 1 -1
0.464942 0.0241297 0.000294734 0.000402928 -3.80836e-08 5.9244e-05 1 -1 1 -1
0.453034 0.0226869 0.000256274 0.000355026 -2.97307e-08 5.06345e-05 1 -1 1 -1
0.451642 0.0225125 0.00022384 0.000365081 -3.81122e-08 5.24335e-05 1 -1 1 -1
0.461565 0.0242204 0.000289556 0.000425555 -1.02494e-08 6.14449e-05 1 -1 1 -1
0.449656 0.0224899 0.000211825 0.00034903 -3.22258e-08 5.02322e-05 1 -1 1 -1
0.448538 0.0222422 0.000208203 0.000366851 -3.0516e-08 5.13571e-05 1 -1 1 -1
0.450235 0.0239108 0.000333856 0.000124555 -2.53976e-08 1.76798e-05 1 -1 1 -1
0.447294 0.026355 0.000173031 0.000326771 6.85466e-09 4.85121e-05 1 -1 1 -1
0.442912 0.0240673 0.000209189 0.000348715 -3.53855e-09 5.01945e-05 1 -1 1 -1
0.437173 0.022661 0.000390842 0.000138443 5.75514e-09 1.7222e-05 1 -1 1 -1
0.442957 0.0248519 9.41405e-05 0.000318495 -1.56059e-08 4.80714e-05 1 -1 1 -1
0.44884 0.0254348 0.000356456 0.000339071 -6.13367e-08 5.36804e-05 1 -1 1 -1
0.386279 0.00834371 0.00091886 0.000318547 3.24931e-08 -1.18616e-05 -1 1 1 -1
0.380171 0.00807471 0.000814311 0.000292331 3.2289e-08 -1.01022e-05 -1 1 1 -1
0.380149 0.00803268 0.000842603 0.000294215 4.04333e-08 -9.07277e-06 -1 1 1 -1
0.385863 0.0082926 0.000884596 0.000312436 3.13793e-08 -1.166e-05 -1 1 1 -1
0.380423 0.00801981 0.00081133 0.000300919 2.65895e-08 -1.11708e-05 -1 1 1 -1
0.379798 0.00792522 0.000838734 0.000303807 2.71853e-08 -1.09633e-05 -1 1 1 -1
0.386531 0.00854542 0.000886038 0.000311202 4.03848e-08 -1.07855e-05 -1 1 1 -1
0.378038 0.00798598 0.000811057 0.000302345 4.12775e-08 -9.22514e-06 -1 1 1 -1
0.379557 0.00839752 0.000858433 0.000304173 1.58787e-08 -1.32785e-05 -1 1 1 -1
0.383885 0.00836837 0.000917477 0.000312016 3.12253e-08 -1.2045e-05 -1 1 1 -1
0.378689 0.00826602 0.000801999 0.000316443 3.75749e-08 -1.15955e-05 -1 1 1 -1
0.375434 0.00812065 0.000794587 0.000308644 5.53798e-08 -7.51133e-06 -1 1 1 -1
0.375458 0.00776964 0.000866163 0.000261377 4.2548e-08 -6.02895e-06 -1 1 1 -1
0.375452 0.00732682 0.000762688 0.000375816 -2.09467e-09 -1.55563e-05 -1 1 1 -1
0.37641 0.00793097 0.000892927 0.000268438 1.44335e-08 -8.97132e-06 -1 1 1 -1
0.376573 0.00709471 0.00107144 0.000335135 3.78038e-08 -1.05275e-05 -1 1 1 -1
0.37225 0.00765403 0.000817531 0.000290884 -1.22643e-08 -1.4013e-05 -1 1 1 -1
0.385324 0.00889329 0.00122196 0.000383978 -9.63869e-08 -2.43271e-05 -1 1 1 -1
0.520935 0.0632677 0.0957668 0.0120844 0.000216199 0.00238076 1 1 1 -1
0.510437 0.0601995 0.0895192 0.0111854 0.000184055 0.00213826 1 1 1 -1
0.511222 0.0604797 0.0897901 0.0111352 0.000185467 0.00214005 1 1 1 -1
0.51966 0.0629613 0.0952264 0.0119172 0.000210871 0.00234072 1 1 1 -1
0.511102 0.0603668 0.0896611 0.0110925 0.000181758 0.00211791 1 1 1 -1
0.511506 0.0602612 0.0905972 0.0112516 0.00019185 0.00216733 1 1 1 -1
0.52155 0.0612977 0.0967574 0.0118341 0.000215384 0.00229306 1 1 1 -1
0.50947 0.0595737 0.0904859 0.0114693 0.000203235 0.00221723 1 1 1 -1
0.510691 0.0610588 0.0896804 0.0113089 0.000195724 0.00220444 1 1 1 -1
0.513723 0.0601952 0.0930674 0.0119898 0.000224989 0.00233015 1 1 1 -1
0.504002 0.0590797 0.0868794 0.0114792 0.000205516 0.00222996 1 1 1 -1
0.505065 0.0596391 0.0870188 0.0111525 0.000195186 0.00216371 1 1 1 -1
0.521719 0.0576286 0.0936172 0.00956875 0.000102799 0.00172423 1 1 1 -1
0.484178 0.0498975 0.075426 0.00815846 9.75066e-05 0.0014223 1 1 1 -1
0.472058 0.047086 0.0691674 0.00822516 0.000100844 0.00144844 1 1 1 -1
0.497818 0.0541513 0.0801925 0.00867028 8.75267e-05 0.00152391 1 1 1 -1
0.476754 0.0469223 0.0721259 0.00870873 0.000107267 0.00152226 1 1 1 -1
0.461423 0.0479092 0.0639213 0.00811515 9.91782e-05 0.00147928 1 1 1 -1
0.350178 0.0107985 0.00102212 1.3827e-05 -1.63058e-09 1.43403e-06 -1 -1 -1 1
0.342844 0.0104823 0.000930434 1.31986e-05 -1.43801e-09 1.34322e-06 -1 -1 -1 1
0.34093 0.0104346 0.000892653 1.53605e-05 -1.78539e-09 1.56531e-06 -1 -1 -1 1
0.35026 0.0112173 0.000995992 1.7174e-05 -2.13582e-09 1.79147e-06 -1 -1 -1 1
0.340724 0.0106442 0.000878728 1.29462e-05 -1.3708e-09 1.33249e-06 -1 -1 -1 1
0.339425 0.0107043 0.000860174 1.94175e-05 -2.48312e-09 2.00106e-06 -1 -1 -1 1
0.351066 0.0110393 0.00117765 8.98832e-06 -9.17229e-10 9.41671e-07 -1 -1 -1 1
0.342445 0.010471 0.00103097 1.02264e-05 -1.04803e-09 1.04569e-06 -1 -1 -1 1
0.343902 0.0107291 0.00105003 1.03804e-05 -1.07935e-09 1.07333e-06 -1 -1 -1 1
0.352808 0.0117296 0.00129211 1.0222e-05 -3.90162e-10 7.86793e-07 -1 -1 -1 1
0.339604 0.0107233 0.00119672 5.33535e-06 -3.67524e-10 5.16795e-07 -1 -1 -1 1
0.339599 0.010899 0.00105723 1.22247e-05 -5.07569e-10 9.10353e-07 -1 -1 -1 1
0.331939 0.00987898 0.000968219 4.40526e-05 -9.07972e-09 4.37282e-06 -1 -1 -1 1
0.295656 0.00684949 0.000546556 3.8851e-05 -4.0658e-09 2.7922e-06 -1 -1 -1 1
0.293594 0.00689355 0.000506211 1.05923e-05 -6.5479e-10 7.89736e-07 -1 -1 -1 1
0.317743 0.00898926 0.00094183 2.03036e-05 5.76974e-10 6.75303e-07 -1 -1 -1 1
0.288469 0.00680615 0.000478703 2.94909e-05 -2.93664e-09 2.23053e-06 -1 -1 -1 1
0.28746 0.00664826 0.000464339 5.60098e-06 -2.84562e-10 4.52367e-07 -1 -1 -1 1
0.719999 0.225458 0.0767332 0.00937478 -0.000150538 -0.00170467 1 -1 -1 1
0.706506 0.216662 0.0715277 0.00852372 -0.00013313 -0.00162261 1 -1 -1 1
0.706358 0.216949 0.0707412 0.00841909 -0.000133894 -0.00166486 1 -1 -1 1
0.718209 0.22331 0.0770401 0.00946895 -0.0001482 -0.00164508 1 -1 -1 1
0.707739 0.218223 0.0719358 0.00864428 -0.00013311 -0.00160903 1 -1 -1 1
0.707071 0.216994 0.0715411 0.00863345 -0.00013423 -0.00162365 1 -1 -1 1
0.720361 0.223475 0.0804858 0.0103267 -0.000157419 -0.00162876 1 -1 -1 1
0.700986 0.213164 0.0693187 0.00825771 -0.000126901 -0.00160172 1 -1 -1 1
0.693354 0.208298 0.0661231 0.00779398 -0.00012055 -0.00159929 1 -1 -1 1
0.710089 0.216659 0.0764331 0.00994393 -0.000128111 -0.00132634 1 -1 -1 1
0.695288 0.211092 0.0666091 0.00783785 -0.00012659 -0.00171608 1 -1 -1 1
0.689862 0.204265 0.0671174 0.00803142 -0.000123972 -0.00160249 1 -1 -1 1
0.639374 0.175706 0.0535691 0.00569932 -7.74563e-05 -0.00124683 1 -1 -1 1
0.59234 0.148063 0.0386321 0.00446397 -5.25223e-05 -0.00116791 1 -1 -1 1
0.589309 0.14371 0.0411878 0.00480279 -5.65416e-05 -0.00113962 1 -1 -1 1
0.639191 0.181666 0.0466005 0.00456807 -6.51855e-05 -0.00150338 1 -1 -1 1
0.585466 0.140969 0.0403254 0.00470057 -5.72427e-05 -0.00116719 1 -1 -1 1
0.573147 0.136096 0.0379485 0.00423813 -4.40032e-05 -0.000932919 1 -1 -1 1
0.404547 0.022364 0.0107749 0.0012827 3.01601e-06 -1.60044e-05 -1 1 -1 1
0.398655 0.0216514 0.0101499 0.0011762 2.59584e-06 -1.41469e-05 -1 1 -1 1
0.398308 0.0213904 0.0101761 0.00116327 2.4735e-06 -1.70221e-05 -1 1 -1 1
0.404213 0.0223768 0.0107256 0.00128902 3.05589e-06 -1.53325e-05 -1 1 -1 1
0.398456 0.0214919 0.0102022 0.00117883 2.53578e-06 -1.7407e-05 -1 1 -1 1
0.397428 0.0213362 0.0100488 0.0011509 2.41069e-06 -1.77183e-05 -1 1 -1 1
0.40567 0.0230521 0.01045 0.00132709 3.33595e-06 -1.19863e-05 -1 1 -1 1
0.395886 0.0216103 0.00989392 0.00124068 3.04239e-06 -4.43177e-06 -1 1 -1 1
0.393348 0.0207769 0.00950251 0.00114139 2.37965e-06 -1.34305e-05 -1 1 -1 1
0.406982 0.0247236 0.0096331 0.00123125 2.80888e-06 -1.98631e-05 -1 1 -1 1
0.397188 0.0233899 0.00891984 0.00105231 2.00507e-06 -2.10947e-05 -1 1 -1 1
0.392858 0.0226608 0.00866845 0.00103817 2.13123e-06 -1.31997e-05 -1 1 -1 1
0.380594 0.0183854 0.00841015 0.0010158 1.7532e-06 -2.82973e-05 -1 1 -1 1
0.365625 0.0181281 0.00682417 0.000888246 1.36711e-06 -1.99329e-05 -1 1 -1 1
0.380198 0.017129 0.00946503 0.000957576 1.32071e-06 -3.67007e-05 -1 1 -1 1
0.372199 0.0175251 0.00789818 0.000887565 7.68307e-07 -5.80469e-05 -1 1 -1 1
0.353533 0.0137758 0.00657347 0.000653627 6.90784e-07 -2.14251e-05 -1 1 -1 1
0.366058 0.0157022 0.00654984 0.000656095 8.19847e-07 -1.89785e-05 -1 1 -1 1
0.41961 0.0230523 0.0016902 0.000833888 -7.79843e-07 -0.000113653 1 1 -1 1
0.414494 0.022532 0.00154025 0.000783615 -6.76115e-07 -0.000105397 1 1 -1 1
0.414236 0.0224442 0.00156909 0.000797763 -6.8217e-07 -0.000105648 1 1 -1 1
0.419108 0.023063 0.00169331 0.000822985 -7.73063e-07 -0.000112679 1 1 -1 1
0.414118 0.0224539 0.00156045 0.000799884 -6.84483e-07 -0.000106501 1 1 -1 1
0.413559 0.0223725 0.00155635 0.000791486 -6.88908e-07 -0.000106158 1 1 -1 1
0.41092 0.0217775 0.00149495 0.000811237 -6.63221e-07 -0.000107002 1 1 -1 1
0.410731 0.0219744 0.0016151 0.000805054 -6.83749e-07 -0.000103683 1 1 -1 1
0.410075 0.0220608 0.00150647 0.000772161 -6.47778e-07 -0.000101248 1 1 -1 1
0.417335 0.0226776 0.00165212 0.000862649 -8.14971e-07 -0.000113459 1 1 -1 1
0.408706 0.0218235 0.00145524 0.000749878 -6.01317e-07 -9.80872e-05 1 1 -1 1
0.409328 0.0219273 0.00152932 0.000783484 -6.75927e-07 -0.000102905 1 1 -1 1
0.401608 0.0191317 0.00139099 0.0009196 -8.01466e-07 -0.000115721 1 1 -1 1
0.39951 0.0205082 0.00145091 0.000823842 -5.23275e-07 -0.000102329 1 1 -1 1
0.407572 0.0206505 0.00140463 0.00100223 -5.67358e-07 -0.000112008 1 1 -1 1
0.411145 0.0217306 0.00119278 0.00081959 -2.7975e-07 -9.7816e-05 1 1 -1 1
0.388398 0.0186336 0.00100948 0.000746503 -3.09228e-07 -7.5857e-05 1 1 -1 1
0.386348 0.0188731 0.00114948 0.000843698 -4.81919e-07 -8.83209e-05 1 1 -1 1
0.19543 1.17129e-05 0.00188472 8.49222e-07 -2.54177e-11 -2.15446e-09 -1 -1 1 1
0.194229 9.78595e-06 0.0017921 7.60586e-07 -1.63827e-11 -1.22706e-09 -1 -1 1 1
0.19435 9.75392e-06 0.00180007 7.46546e-07 -1.61803e-11 -1.26929e-09 -1 -1 1 1
0.19428 9.65689e-06 0.00179815 7.44841e-07 -1.70732e-11 -1.28498e-09 -1 -1 1 1
0.194452 9.1641e-06 0.00180901 7.55973e-07 -1.68724e-11 -1.25194e-09 -1 -1 1 1
0.195442 1.15833e-05 0.00188729 8.42901e-07 -2.56968e-11 -2.11032e-09 -1 -1 1 1
0.188436 8.08992e-05 0.00159204 2.54607e-06 -1.38306e-10 -2.23846e-08 -1 -1 1 1
0.187613 8.34744e-05 0.00162554 1.65565e-06 -6.55122e-11 -1.001e-08 -1 -1 1 1
0.186545 4.13161e-05 0.0014304 6.25655e-07 1.35344e-11 2.3581e-09 -1 -1 1 1
0.186567 0.00010967 0.00149355 5.39841e-07 1.40287e-11 4.85204e-09 -1 -1 1 1
0.187973 6.19742e-05 0.0015699 8.26534e-07 -6.26991e-12 -3.19322e-09 -1 -1 1 1
0.187722 7.67286e-05 0.00158053 1.73618e-06 -7.66431e-11 -1.03908e-08 -1 -1 1 1
0.193817 2.36562e-05 0.00180741 6.55829e-07 -1.84407e-11 -2.59155e-09 -1 -1 1 1
0.191688 9.81433e-06 0.00172721 5.67753e-07 -1.18445e-11 -8.59842e-10 -1 -1 1 1
0.192469 1.06608e-05 0.00173295 5.73753e-07 -1.76215e-11 -1.76263e-09 -1 -1 1 1
0.191974 1.11166e-05 0.00169497 1.17741e-06 -3.70003e-11 -2.21625e-09 -1 -1 1 1
0.194538 5.97238e-06 0.00181495 6.73018e-07 -1.64306e-11 -8.94009e-10 -1 -1 1 1
0.191556 7.90829e-06 0.00172098 7.23236e-07 -1.97637e-11 -1.62363e-09 -1 -1 1 1
0.17596 1.56441e-05 0.000882368 3.43672e-07 -4.92214e-12 1.31988e-09 1 -1 1 1
0.175098 1.6503e-05 0.000849454 6.53176e-08 -3.31013e-13 2.32585e-10 1 -1 1 1
0.175077 1.85022e-05 0.000848931 6.65326e-08 -4.02738e-13 2.68501e-10 1 -1 1 1
0.174914 1.71458e-05 0.000838362 7.30562e-08 -2.91892e-13 2.53809e-10 1 -1 1 1
0.17576 1.50645e-05 0.00086649 2.9643e-07 -3.64055e-12 1.08855e-09 1 -1 1 1
0.175001 1.45489e-05 0.000840889 1.00229e-07 -7.02941e-13 3.4521e-10 1 -1 1 1
0.175433 9.88942e-06 0.000851123 3.41012e-07 -4.8214e-12 1.02577e-09 1 -1 1 1
0.174433 1.11232e-05 0.000830036 4.312e-08 -2.22346e-13 1.39802e-10 1 -1 1 1
0.173605 1.65954e-05 0.000781111 2.96871e-08 -2.36248e-14 2.50613e-11 1 -1 1 1
0.175137 1.03425e-05 0.000837995 2.76359e-07 -3.11172e-12 8.68597e-10 1 -1 1 1
0.173758 1.5282e-05 0.000777104 1.56912e-08 5.46781e-14 -2.29672e-11 1 -1 1 1
0.174091 1.56005e-05 0.000829021 4.33299e-09 -3.88022e-15 2.01335e-12 1 -1 1 1
0.173775 2.59309e-05 0.00088104 2.29301e-07 -2.06566e-12 -3.87048e-10 1 -1 1 1
0.17097 9.92328e-06 0.000759097 4.96636e-07 9.43438e-12 1.01575e-09 1 -1 1 1
0.171548 9.72725e-06 0.000799224 1.2356e-07 1.08319e-12 -3.85364e-10 1 -1 1 1
0.171762 1.11273e-06 0.000831708 6.7377e-07 1.08341e-11 1.27774e-10 1 -1 1 1
0.168736 2.07094e-05 0.000606918 5.09258e-07 -3.04347e-12 -1.34611e-09 1 -1 1 1
0.171004 2.1576e-07 0.000785557 8.06714e-07 1.84144e-11 2.39127e-10 1 -1 1 1
0.179587 0.00297606 4.63739e-07 6.63692e-08 1.33591e-15 3.42763e-09 -1 1 1 1
0.180432 0.00312983 1.56606e-06 1.09795e-07 3.59684e-14 6.00841e-09 -1 1 1 1
0.18084 0.00324304 1.84572e-07 1.76421e-08 8.07635e-16 9.744e-10 -1 1 1 1
0.177476 0.00283756 7.99236e-07 1.99466e-07 -9.08672e-15 1.03949e-08 -1 1 1 1
0.177101 0.00281906 1.00176e-06 6.44547e-08 -1.52847e-14 9.69963e-10 -1 1 1 1
0.178077 0.00278216 3.28548e-07 8.71831e-08 -2.27452e-15 3.48725e-09 -1 1 1 1
0.180233 0.00318176 2.62604e-07 2.55854e-08 2.03013e-15 1.37755e-09 -1 1 1 1
0.18049 0.00323986 2.36275e-07 2.53601e-08 1.65411e-15 1.43674e-09 -1 1 1 1
0.180497 0.00326239 3.32306e-07 2.5848e-08 1.16314e-15 1.45969e-09 -1 1 1 1
0.180092 0.0030856 3.8235e-07 4.56145e-08 5.93998e-15 2.3203e-09 -1 1 1 1
0.180414 0.00318592 3.4929e-07 6.2338e-09 -1.05258e-16 3.11891e-10 -1 1 1 1
0.180229 0.00320359 2.47638e-07 5.46513e-09 1.07535e-16 3.083e-10 -1 1 1 1
0.179705 0.00300799 1.20541e-07 2.17614e-08 3.8335e-16 1.07683e-09 -1 1 1 1
0.1802 0.00300799 8.73408e-08 1.15062e-09 -2.09077e-18 -5.04735e-11 -1 1 1 1
0.180234 0.00315171 3.34526e-07 3.5796e-08 -1.44488e-15 1.56933e-09 -1 1 1 1
0.176335 0.000466969 0.00160919 7.29932e-06 7.88814e-10 1.57222e-07 1 1 1 1
0.176058 0.000456966 0.00159313 7.57396e-06 8.30822e-10 1.61634e-07 1 1 1 1
0.176035 0.000452376 0.0015879 7.53777e-06 8.22324e-10 1.59807e-07 1 1 1 1
0.175795 0.000453218 0.00156661 7.80496e-06 8.53478e-10 1.63966e-07 1 1 1 1
0.176285 0.000460172 0.00160601 7.26947e-06 7.8345e-10 1.55475e-07 1 1 1 1
0.175984 0.00044896 0.00159219 7.66862e-06 8.45509e-10 1.62064e-07 1 1 1 1
0.175817 0.000496019 0.00156521 8.13946e-06 9.16793e-10 1.80787e-07 1 1 1 1
0.176348 0.000500252 0.00162943 8.32942e-06 9.62233e-10 1.84284e-07 1 1 1 1
0.175841 0.000494637 0.00156556 7.93725e-06 8.80832e-10 1.7564e-07 1 1 1 1
0.175597 0.000515808 0.00152161 8.78507e-06 1.01216e-09 1.98996e-07 1 1 1 1
0.175941 0.000499264 0.0015693 7.94005e-06 8.8236e-10 1.7642e-07 1 1 1 1
0.176242 0.000516463 0.00161186 8.72069e-06 1.03135e-09 1.97475e-07 1 1 1 1
0.17539 0.000317379 0.00153351 3.3766e-06 2.39747e-10 5.95816e-08 1 1 1 1
0.174331 0.000577388 0.0013706 8.42789e-06 7.57241e-10 1.65667e-07 1 1 1 1
0.174041 0.000382338 0.00140481 2.98034e-06 1.86036e-10 5.73001e-08 1 1 1 1
0.174579 0.000394607 0.00151361 8.54117e-06 9.38272e-10 1.64662e-07 1 1 1 1
0.175303 0.000374273 0.0015486 5.72861e-06 5.25937e-10 1.08105e-07 1 1 1 1
0.173996 0.000355749 0.00139435 5.22712e-06 4.45149e-10 9.65748e-08 1 1 1 1
